etamin	etamax	ptmin	ptmax	eff	deff_high	deff_low
-2.4	-2.1	10	13	0.866315	0.0130638	 0.0128168
-2.1	-1.6	10	13	0.923471	0.00725002	 0.00761562
-1.6	-1.2	10	13	0.919942	0.00780812	 0.0082253
-1.2	-0.8	10	13	0.928161	0.00819324	 0.00881924
-0.8	-0.3	10	13	0.947597	0.0083338	 0.00904711
-0.3	-0.2	10	13	0.743529	0.0441785	 0.0477935
-0.2	0.2	10	13	0.938817	0.0113024	 0.0129521
0.2	0.3	10	13	0.811716	0.0549919	 0.0620145
0.3	0.8	10	13	0.952572	0.00904964	 0.00985211
0.8	1.2	10	13	0.896956	0.00988471	 0.0106671
1.2	1.6	10	13	0.915266	0.00845851	 0.00903831
1.6	2.1	10	13	0.93194	0.006953	 0.0073193
2.1	2.4	10	13	0.904932	0.019353	 0.0110048
-2.4	-2.1	13	16	0.874551	0.00889394	 0.00931507
-2.1	-1.6	13	16	0.920309	0.00606604	 0.00631704
-1.6	-1.2	13	16	0.946087	0.00576662	 0.00657898
-1.2	-0.8	13	16	0.931617	0.000143005	 0.000143005
-0.8	-0.3	13	16	0.948089	0.00578504	 0.0074627
-0.3	-0.2	13	16	0.79652	0.0258791	 0.0279369
-0.2	0.2	13	16	0.933722	0.00906336	 0.00947541
0.2	0.3	13	16	0.835161	0.0263335	 0.0279586
0.3	0.8	13	16	0.950529	0.00521298	 0.00557041
0.8	1.2	13	16	0.924761	0.00668195	 0.0069793
1.2	1.6	13	16	0.930913	0.0063241	 0.00642456
1.6	2.1	13	16	0.938402	0.00556511	 0.00578446
2.1	2.4	13	16	0.90118	0.00860472	 0.00891189
-2.4	-2.1	16	20	0.90558	0.00578535	 0.00587919
-2.1	-1.6	16	20	0.927239	0.00388259	 0.0040409
-1.6	-1.2	16	20	0.943248	0.00367141	 0.00373244
-1.2	-0.8	16	20	0.929683	0.0046789	 0.0047235
-0.8	-0.3	16	20	0.947388	0.00318752	 0.00331296
-0.3	-0.2	16	20	0.796709	0.0154224	 0.0158477
-0.2	0.2	16	20	0.93546	0.00489736	 0.0050044
0.2	0.3	16	20	0.830924	0.0154021	 0.0159459
0.3	0.8	16	20	0.948186	0.00314504	 0.00325113
0.8	1.2	16	20	0.926571	0.00406832	 0.00421395
1.2	1.6	16	20	0.936551	0.00369762	 0.00378458
1.6	2.1	16	20	0.927716	0.00413497	 0.00418552
2.1	2.4	16	20	0.899776	0.00640498	 0.00734925
-2.4	-2.1	20	25	0.912444	0.0037934	 0.00382925
-2.1	-1.6	20	25	0.922055	0.00238654	 0.00242806
-1.6	-1.2	20	25	0.943767	0.00231586	 0.00237528
-1.2	-0.8	20	25	0.936465	0.00244425	 0.00241932
-0.8	-0.3	20	25	0.954207	0.00197808	 0.00199532
-0.3	-0.2	20	25	0.811966	0.00843514	 0.00850852
-0.2	0.2	20	25	0.934317	0.00261487	 0.00258495
0.2	0.3	20	25	0.837603	0.00800966	 0.00998154
0.3	0.8	20	25	0.953439	0.00190062	 0.00191375
0.8	1.2	20	25	0.932425	0.00256025	 0.00257387
1.2	1.6	20	25	0.936325	0.00242258	 0.00246984
1.6	2.1	20	25	0.933831	0.00237887	 0.00238782
2.1	2.4	20	25	0.911395	0.00391139	 0.00392606
-2.4	-2.1	25	30	0.92225	0.00310265	 0.00321556
-2.1	-1.6	25	30	0.924764	0.00253548	 0.00205255
-1.6	-1.2	25	30	0.948312	0.00182619	 0.00181374
-1.2	-0.8	25	30	0.938949	0.00192476	 0.00191691
-0.8	-0.3	25	30	0.954028	0.00142684	 0.00139482
-0.3	-0.2	25	30	0.820878	0.00523636	 0.00530407
-0.2	0.2	25	30	0.937125	0.00162948	 0.00162156
0.2	0.3	25	30	0.842638	0.00505139	 0.00518067
0.3	0.8	25	30	0.951127	0.0013953	 0.00139275
0.8	1.2	25	30	0.931738	0.00204801	 0.00201234
1.2	1.6	25	30	0.942794	0.00197937	 0.00200029
1.6	2.1	25	30	0.934317	0.00188189	 0.00188472
2.1	2.4	25	30	0.919198	0.00285379	 0.00282196
-2.4	-2.1	30	40	0.926363	0.00165514	 0.0016641
-2.1	-1.6	30	40	0.929184	0.00111057	 0.00109818
-1.6	-1.2	30	40	0.946901	0.000938426	 0.00092373
-1.2	-0.8	30	40	0.937414	0.000921712	 0.000925448
-0.8	-0.3	30	40	0.950993	0.000674619	 0.000675751
-0.3	-0.2	30	40	0.811711	0.0027726	 0.00273094
-0.2	0.2	30	40	0.935238	0.000833787	 0.000836816
0.2	0.3	30	40	0.842823	0.00257322	 0.00258966
0.3	0.8	30	40	0.952851	0.000657627	 0.000652543
0.8	1.2	30	40	0.934502	0.000951222	 0.000945098
1.2	1.6	30	40	0.940137	0.00100257	 0.00100771
1.6	2.1	30	40	0.932383	0.00103529	 0.00102327
2.1	2.4	30	40	0.928604	0.00159984	 0.00162076
-2.4	-2.1	40	60	0.924909	0.00136169	 0.00136931
-2.1	-1.6	40	60	0.927745	0.000831908	 0.000814704
-1.6	-1.2	40	60	0.938969	0.000757997	 0.000757389
-1.2	-0.8	40	60	0.939062	0.000708854	 0.000706908
-0.8	-0.3	40	60	0.951904	0.000547028	 0.000548453
-0.3	-0.2	40	60	0.817262	0.00239476	 0.00239869
-0.2	0.2	40	60	0.936673	0.000699231	 0.000700951
0.2	0.3	40	60	0.845371	0.00213199	 0.00213199
0.3	0.8	40	60	0.952334	0.000541374	 0.000542135
0.8	1.2	40	60	0.934245	0.000712215	 0.000714826
1.2	1.6	40	60	0.939391	0.000766458	 0.000769075
1.6	2.1	40	60	0.933125	0.00079511	 0.000800139
2.1	2.4	40	60	0.926067	0.00135445	 0.00135355
-2.4	-2.1	60	100	0.91931	0.00494006	 0.00510818
-2.1	-1.6	60	100	0.925297	0.00262712	 0.00264801
-1.6	-1.2	60	100	0.896949	0.00308379	 0.00312115
-1.2	-0.8	60	100	0.937882	0.00238939	 0.00242156
-0.8	-0.3	60	100	0.948826	0.00172135	 0.00174042
-0.3	-0.2	60	100	0.800326	0.00757566	 0.00765284
-0.2	0.2	60	100	0.935908	0.00227604	 0.00230702
0.2	0.3	60	100	0.844941	0.00711455	 0.0072554
0.3	0.8	60	100	0.949428	0.00172397	 0.00174639
0.8	1.2	60	100	0.935694	0.00221627	 0.00221627
1.2	1.6	60	100	0.916245	0.0029345	 0.00272966
1.6	2.1	60	100	0.934696	0.00270214	 0.00274185
2.1	2.4	60	100	0.921582	0.00488214	 0.00500886
-2.4	-2.1	100	200	0.896173	0.0219463	 0.0227855
-2.1	-1.6	100	200	0.895124	0.0103811	 0.0110443
-1.6	-1.2	100	200	0.822939	0.0119887	 0.0123158
-1.2	-0.8	100	200	0.927041	0.00702379	 0.00732816
-0.8	-0.3	100	200	0.93967	0.00574993	 0.00598732
-0.3	-0.2	100	200	0.83471	0.0206142	 0.0218385
-0.2	0.2	100	200	0.930444	0.00611394	 0.00668916
0.2	0.3	100	200	0.807356	0.0187268	 0.0197988
0.3	0.8	100	200	0.947382	0.00514028	 0.00537355
0.8	1.2	100	200	0.915435	0.00731757	 0.0116963
1.2	1.6	100	200	0.830139	0.0100103	 0.0103655
1.6	2.1	100	200	0.896308	0.0101287	 0.0105194
2.1	2.4	100	200	0.840862	0.0334158	 0.0197931
