etamin	etamax	ptmin	ptmax	eff	deff_high	deff_low
-2.4	-2.1	10	13	0.944346	0.00749963	 0.0081628
-2.1	-1.6	10	13	0.95309	0.00554244	 0.00590623
-1.6	-1.2	10	13	0.980263	0.00444419	 0.00497863
-1.2	-0.8	10	13	0.96607	0.00528009	 0.00586344
-0.8	-0.3	10	13	0.966144	0.00729934	 0.00764987
-0.3	-0.2	10	13	0.837834	0.0416849	 0.0369581
-0.2	0.2	10	13	0.964108	0.0090256	 0.0107771
0.2	0.3	10	13	0.855435	0.0360306	 0.0420371
0.3	0.8	10	13	0.963486	0.007055	 0.00704961
0.8	1.2	10	13	0.947723	0.00666936	 0.00733011
1.2	1.6	10	13	0.982181	0.00382129	 0.00433726
1.6	2.1	10	13	0.950795	0.00536957	 0.00556011
2.1	2.4	10	13	0.936998	0.00840964	 0.00923942
-2.4	-2.1	13	16	0.944526	0.005678	 0.00612559
-2.1	-1.6	13	16	0.961445	0.00420746	 0.00444911
-1.6	-1.2	13	16	0.983455	0.00262508	 0.00292137
-1.2	-0.8	13	16	0.956111	0.00464578	 0.00497364
-0.8	-0.3	13	16	0.959599	0.00458542	 0.00493801
-0.3	-0.2	13	16	0.843491	0.0221677	 0.0242779
-0.2	0.2	13	16	0.950606	0.00663737	 0.00725494
0.2	0.3	13	16	0.87691	0.0203579	 0.0227076
0.3	0.8	13	16	0.968886	0.00491005	 0.00519484
0.8	1.2	13	16	0.959361	0.00491005	 0.00519484
1.2	1.6	13	16	0.973119	0.00387297	 0.00420427
1.6	2.1	13	16	0.960029	0.00356008	 0.00377712
2.1	2.4	13	16	0.954259	0.00601884	 0.00637778
-2.4	-2.1	16	20	0.949146	0.00380301	 0.00401361
-2.1	-1.6	16	20	0.951745	0.00297166	 0.00301705
-1.6	-1.2	16	20	0.985058	0.00168013	 0.00181198
-1.2	-0.8	16	20	0.955079	0.00323317	 0.00328301
-0.8	-0.3	16	20	0.967105	0.00249739	 0.00256836
-0.3	-0.2	16	20	0.846384	0.0131808	 0.0138907
-0.2	0.2	16	20	0.945724	0.00437687	 0.00445885
0.2	0.3	16	20	0.857254	0.0136408	 0.0141526
0.3	0.8	16	20	0.961631	0.00257939	 0.00269708
0.8	1.2	16	20	0.956543	0.0029634	 0.00313062
1.2	1.6	16	20	0.977808	0.00242837	 0.00260392
1.6	2.1	16	20	0.952454	0.0026687	 0.00277942
2.1	2.4	16	20	0.938119	0.00448201	 0.00465737
-2.4	-2.1	20	25	0.956231	0.00244727	 0.00253156
-2.1	-1.6	20	25	0.956381	0.00200004	 0.00192269
-1.6	-1.2	20	25	0.98378	0.00113888	 0.0011954
-1.2	-0.8	20	25	0.961177	0.00194857	 0.00195229
-0.8	-0.3	20	25	0.970281	0.00142819	 0.00144689
-0.3	-0.2	20	25	0.836728	0.0074178	 0.00756904
-0.2	0.2	20	25	0.95661	0.0018979	 0.00194444
0.2	0.3	20	25	0.876864	0.00678454	 0.00686559
0.3	0.8	20	25	0.968208	0.00166341	 0.00168034
0.8	1.2	20	25	0.957981	0.0021141	 0.00305862
1.2	1.6	20	25	0.978684	0.00145398	 0.00142225
1.6	2.1	20	25	0.960169	0.00185574	 0.00185876
2.1	2.4	20	25	0.951649	0.00250371	 0.00261516
-2.4	-2.1	25	30	0.959109	0.00212431	 0.00215763
-2.1	-1.6	25	30	0.953518	0.00149944	 0.00150314
-1.6	-1.2	25	30	0.985439	0.000960433	 0.000992658
-1.2	-0.8	25	30	0.959512	0.00166148	 0.00193392
-0.8	-0.3	25	30	0.967554	0.00111045	 0.00111303
-0.3	-0.2	25	30	0.852666	0.00485792	 0.00491725
-0.2	0.2	25	30	0.955571	0.00132877	 0.00133991
0.2	0.3	25	30	0.877257	0.00455587	 0.00457417
0.3	0.8	25	30	0.967795	0.00104624	 0.00105653
0.8	1.2	25	30	0.953881	0.00148399	 0.00151777
1.2	1.6	25	30	0.97637	0.00120816	 0.00118423
1.6	2.1	25	30	0.957555	0.00137341	 0.0013993
2.1	2.4	25	30	0.949228	0.00228888	 0.00234285
-2.4	-2.1	30	40	0.961311	0.00110452	 0.00110761
-2.1	-1.6	30	40	0.954793	0.000813498	 0.000815981
-1.6	-1.2	30	40	0.985046	0.000484228	 0.00048023
-1.2	-0.8	30	40	0.95647	0.000739397	 0.000741877
-0.8	-0.3	30	40	0.968551	0.00052735	 0.000526282
-0.3	-0.2	30	40	0.843623	0.00253655	 0.00255022
-0.2	0.2	30	40	0.954704	0.000678197	 0.000680909
0.2	0.3	30	40	0.876665	0.00233674	 0.00230175
0.3	0.8	30	40	0.967755	0.000506931	 0.000511637
0.8	1.2	30	40	0.95416	0.000787662	 0.000775733
1.2	1.6	30	40	0.976934	0.000610366	 0.000612035
1.6	2.1	30	40	0.956503	0.000810768	 0.000807401
2.1	2.4	30	40	0.955207	0.00123055	 0.00124019
-2.4	-2.1	40	60	0.961508	0.000941355	 0.000936627
-2.1	-1.6	40	60	0.954679	0.000652166	 0.000652166
-1.6	-1.2	40	60	0.984941	0.000595261	 0.000594677
-1.2	-0.8	40	60	0.956606	0.000595261	 0.000594677
-0.8	-0.3	40	60	0.967632	0.000436208	 0.000441868
-0.3	-0.2	40	60	0.840601	0.00054964	 0.000556412
-0.2	0.2	40	60	0.954167	0.00054964	 0.000556412
0.2	0.3	40	60	0.871984	0.00200699	 0.00200925
0.3	0.8	40	60	0.966745	0.000453563	 0.000450117
0.8	1.2	40	60	0.9527	0.000607336	 0.000611065
1.2	1.6	40	60	0.975426	0.000439239	 0.000444632
1.6	2.1	40	60	0.956515	0.000639822	 0.000643088
2.1	2.4	40	60	0.955399	0.00104622	 0.00105662
-2.4	-2.1	60	100	0.959375	0.00337722	 0.00346367
-2.1	-1.6	60	100	0.953646	0.00210628	 0.00213983
-1.6	-1.2	60	100	0.983287	0.00131464	 0.00137155
-1.2	-0.8	60	100	0.956459	0.00182421	 0.00183963
-0.8	-0.3	60	100	0.965648	0.00133736	 0.00134514
-0.3	-0.2	60	100	0.845367	0.00732601	 0.00775816
-0.2	0.2	60	100	0.950997	0.00191197	 0.00193622
0.2	0.3	60	100	0.854304	0.00606715	 0.00621963
0.3	0.8	60	100	0.963374	0.00130658	 0.00134511
0.8	1.2	60	100	0.954039	0.00182682	 0.00185552
1.2	1.6	60	100	0.973672	0.00159089	 0.00164086
1.6	2.1	60	100	0.956742	0.00195901	 0.00195592
2.1	2.4	60	100	0.955889	0.00348759	 0.00354914
-2.4	-2.1	100	200	0.962156	0.0144712	 0.0156442
-2.1	-1.6	100	200	0.925759	0.00835602	 0.00883224
-1.6	-1.2	100	200	0.951999	0.00536642	 0.00580168
-1.2	-0.8	100	200	0.956319	0.00511615	 0.00534992
-0.8	-0.3	100	200	0.965098	0.00453802	 0.00484416
-0.3	-0.2	100	200	0.863681	0.0169428	 0.0182782
-0.2	0.2	100	200	0.944244	0.00590042	 0.00620137
0.2	0.3	100	200	0.899853	0.0153199	 0.0166018
0.3	0.8	100	200	0.963873	0.00393361	 0.00418425
0.8	1.2	100	200	0.954414	0.00582734	 0.0062541
1.2	1.6	100	200	0.941682	0.00696004	 0.00726256
1.6	2.1	100	200	0.920376	0.009179	 0.009094
2.1	2.4	100	200	0.939446	0.0133721	 0.0143838
