etamin	etamax	ptmin	ptmax	eff	deff_high	deff_low
-2.4	-2.1	10	13	0.946689	0.013725	 0.0165227
-2.1	-1.6	10	13	0.967064	0.00926509	 0.010821
-1.6	-1.2	10	13	0.971946	0.00892271	 0.0111441
-1.2	-0.8	10	13	0.933055	0.0156607	 0.0184529
-0.8	-0.3	10	13	0.984178	0.0111489	 0.0147362
-0.3	-0.2	10	13	0.90421	0.0800247	 0.0944925
-0.2	0.2	10	13	0.904606	0.0317001	 0.0372376
0.2	0.3	10	13	0.936401	0.0441966	 0.0856418
0.3	0.8	10	13	0.942363	0.0165451	 0.0199863
0.8	1.2	10	13	0.913106	0.0177246	 0.0203282
1.2	1.6	10	13	0.954229	0.0113461	 0.0134813
1.6	2.1	10	13	0.973855	0.00811264	 0.00983825
2.1	2.4	10	13	0.941702	0.0182899	 0.0190697
-2.4	-2.1	13	16	0.968871	0.00908958	 0.0108949
-2.1	-1.6	13	16	0.968012	0.00733997	 0.00821645
-1.6	-1.2	13	16	0.986293	0.00506845	 0.0062338
-1.2	-0.8	13	16	0.932133	0.0121847	 0.0134239
-0.8	-0.3	13	16	0.968572	0.000776113	 0.000776113
-0.3	-0.2	13	16	0.887923	0.0593169	 0.0722618
-0.2	0.2	13	16	0.950027	0.0153177	 0.0147074
0.2	0.3	13	16	0.88199	0.0474196	 0.0551255
0.3	0.8	13	16	0.959176	0.00900442	 0.010493
0.8	1.2	13	16	0.932807	0.0118166	 0.0132432
1.2	1.6	13	16	0.980882	0.0068791	 0.00841736
1.6	2.1	13	16	0.953908	0.00841324	 0.00958553
2.1	2.4	13	16	0.947425	0.0129669	 0.0131049
-2.4	-2.1	16	20	0.965253	0.00668043	 0.00755855
-2.1	-1.6	16	20	0.967024	0.00541727	 0.0059521
-1.6	-1.2	16	20	0.980648	0.00397635	 0.00459474
-1.2	-0.8	16	20	0.912381	0.008947	 0.00953906
-0.8	-0.3	16	20	0.969991	0.00535843	 0.00584504
-0.3	-0.2	16	20	0.829035	0.0322549	 0.0347391
-0.2	0.2	16	20	0.947633	0.00814453	 0.00888559
0.2	0.3	16	20	0.867708	0.0268595	 0.0294718
0.3	0.8	16	20	0.967592	0.0048265	 0.00537937
0.8	1.2	16	20	0.904687	0.00912841	 0.00970022
1.2	1.6	16	20	0.971826	0.00489993	 0.00546743
1.6	2.1	16	20	0.959017	0.00531895	 0.00581442
2.1	2.4	16	20	0.95067	0.00770512	 0.00860913
-2.4	-2.1	20	25	0.977447	0.00361351	 0.0039549
-2.1	-1.6	20	25	0.964518	0.0032746	 0.0034887
-1.6	-1.2	20	25	0.979644	0.00269319	 0.00294522
-1.2	-0.8	20	25	0.9176	0.00615217	 0.00646917
-0.8	-0.3	20	25	0.975778	0.00256135	 0.00273593
-0.3	-0.2	20	25	0.846534	0.0176248	 0.0159918
-0.2	0.2	20	25	0.955332	0.00390404	 0.00412271
0.2	0.3	20	25	0.869857	0.0138069	 0.014752
0.3	0.8	20	25	0.971811	0.00277165	 0.00296589
0.8	1.2	20	25	0.909093	0.00602738	 0.00621336
1.2	1.6	20	25	0.973042	0.00313907	 0.00341221
1.6	2.1	20	25	0.966092	0.00339976	 0.00348229
2.1	2.4	20	25	0.965539	0.00436844	 0.00475132
-2.4	-2.1	25	30	0.971082	0.00323063	 0.00348071
-2.1	-1.6	25	30	0.971132	0.00270891	 0.00283486
-1.6	-1.2	25	30	0.98224	0.00192342	 0.00205811
-1.2	-0.8	25	30	0.919592	0.00457346	 0.00464313
-0.8	-0.3	25	30	0.974798	0.00217695	 0.00224858
-0.3	-0.2	25	30	0.831453	0.0104094	 0.0108395
-0.2	0.2	25	30	0.953321	0.00271964	 0.00280725
0.2	0.3	25	30	0.877575	0.009891	 0.0101832
0.3	0.8	25	30	0.972287	0.00216052	 0.00224981
0.8	1.2	25	30	0.918668	0.00427987	 0.00433116
1.2	1.6	25	30	0.97108	0.00246671	 0.00263285
1.6	2.1	25	30	0.965035	0.0026272	 0.00273911
2.1	2.4	25	30	0.965676	0.0040561	 0.00431127
-2.4	-2.1	30	40	0.977536	0.001878	 0.00192871
-2.1	-1.6	30	40	0.961771	0.00165305	 0.00165425
-1.6	-1.2	30	40	0.980213	0.003023	 0.003023
-1.2	-0.8	30	40	0.915707	0.00217079	 0.00218103
-0.8	-0.3	30	40	0.974682	0.000960093	 0.000979552
-0.3	-0.2	30	40	0.833641	0.00554903	 0.00563683
-0.2	0.2	30	40	0.955388	0.00146028	 0.00147702
0.2	0.3	30	40	0.876477	0.00486444	 0.00494205
0.3	0.8	30	40	0.972431	0.00104327	 0.00104824
0.8	1.2	30	40	0.911005	0.0022446	 0.00224718
1.2	1.6	30	40	0.972894	0.00137118	 0.00137577
1.6	2.1	30	40	0.964709	0.00144116	 0.00147816
2.1	2.4	30	40	0.968596	0.00216403	 0.00221455
-2.4	-2.1	40	60	0.973363	0.00166822	 0.00172561
-2.1	-1.6	40	60	0.962324	0.00115806	 0.00119467
-1.6	-1.2	40	60	0.982252	0.000823232	 0.000841158
-1.2	-0.8	40	60	0.909969	0.00173889	 0.00175187
-0.8	-0.3	40	60	0.970467	0.00087869	 0.00088317
-0.3	-0.2	40	60	0.84959	0.000292126	 0.000292126
-0.2	0.2	40	60	0.95208	0.00129713	 0.00130516
0.2	0.3	40	60	0.87495	0.00406754	 0.00409291
0.3	0.8	40	60	0.970461	0.000846803	 0.000858226
0.8	1.2	40	60	0.915997	0.00166909	 0.00167572
1.2	1.6	40	60	0.973791	0.00105077	 0.00105955
1.6	2.1	40	60	0.965057	0.00118156	 0.00118457
2.1	2.4	40	60	0.96491	0.00172936	 0.0017919
-2.4	-2.1	60	100	0.976937	0.00517208	 0.00570803
-2.1	-1.6	60	100	0.965339	0.00340852	 0.00364474
-1.6	-1.2	60	100	0.978203	0.00277127	 0.00296454
-1.2	-0.8	60	100	0.906629	0.00549545	 0.00569521
-0.8	-0.3	60	100	0.965024	0.00291865	 0.00304933
-0.3	-0.2	60	100	0.794395	0.0150089	 0.0154431
-0.2	0.2	60	100	0.949121	0.0039215	 0.00404032
0.2	0.3	60	100	0.851645	0.0139877	 0.0144984
0.3	0.8	60	100	0.968963	0.0026357	 0.0027885
0.8	1.2	60	100	0.912744	0.00559653	 0.00583193
1.2	1.6	60	100	0.978776	0.00264697	 0.00288523
1.6	2.1	60	100	0.953111	0.00431495	 0.00446902
2.1	2.4	60	100	0.961136	0.00774417	 0.00673164
-2.4	-2.1	100	200	0.958519	0.0172315	 0.0235904
-2.1	-1.6	100	200	0.932024	0.0166271	 0.0186657
-1.6	-1.2	100	200	0.970017	0.0100011	 0.0120586
-1.2	-0.8	100	200	0.925614	0.0127889	 0.0143931
-0.8	-0.3	100	200	0.974409	0.0062366	 0.00738996
-0.3	-0.2	100	200	0.813342	0.0404361	 0.0432148
-0.2	0.2	100	200	0.955225	0.0094607	 0.0109665
0.2	0.3	100	200	0.864833	0.0390695	 0.043926
0.3	0.8	100	200	0.970886	0.00682741	 0.0080615
0.8	1.2	100	200	0.931503	0.0145357	 0.0160747
1.2	1.6	100	200	0.941331	0.0119492	 0.0137462
1.6	2.1	100	200	0.934292	0.0129657	 0.0147829
2.1	2.4	100	200	0.988595	0.00795082	 0.015287
