etamin	etamax	ptmin	ptmax	eff	deff_high	deff_low
-2.4	-2.1	10	11	0	0	 0
-2.1	-1.6	10	11	0	0	 0
-1.6	-1.2	10	11	0	0	 0
-1.2	-0.8	10	11	0	0	 0
-0.8	-0.3	10	11	0	0	 0
-0.3	-0.2	10	11	0	0	 0
-0.2	0.2	10	11	0	0	 0
0.2	0.3	10	11	0	0	 0
0.3	0.8	10	11	0	0	 0
0.8	1.2	10	11	0	0	 0
1.2	1.6	10	11	0	0	 0
1.6	2.1	10	11	0	0	 0
2.1	2.4	10	11	0	0	 0
-2.4	-2.1	11	12	0.0566077	0.0115594	 0.00482568
-2.1	-1.6	11	12	0.0348813	0.00304442	 0.00291161
-1.6	-1.2	11	12	0.0342723	0.00341923	 0.00320587
-1.2	-0.8	11	12	0.0237188	0.00386121	 0.00351487
-0.8	-0.3	11	12	0.0232148	0.00375824	 0.00344942
-0.3	-0.2	11	12	0.0157889	0.00915964	 0.0125295
-0.2	0.2	11	12	0.0235203	0.00540517	 0.00483453
0.2	0.3	11	12	0.0131401	0.00930345	 0.00620208
0.3	0.8	11	12	0.0223579	0.00446726	 0.00408402
0.8	1.2	11	12	0.0289256	0.00441223	 0.00364628
1.2	1.6	11	12	0.0331078	0.00344464	 0.00323301
1.6	2.1	11	12	0.0332619	0.00342016	 0.00325269
2.1	2.4	11	12	0.0345343	0.00529002	 0.00494807
-2.4	-2.1	12	13	0.70191	0.000110199	 0.000110199
-2.1	-1.6	12	13	0.761674	0.00666657	 0.00697573
-1.6	-1.2	12	13	0.846111	0.00634731	 0.0064194
-1.2	-0.8	12	13	0.877274	0.0070932	 0.00727447
-0.8	-0.3	12	13	0.919125	0.00572824	 0.00585205
-0.3	-0.2	12	13	0.838047	0.0203504	 0.02097
-0.2	0.2	12	13	0.899455	0.00821169	 0.0086228
0.2	0.3	12	13	0.801582	0.0211961	 0.0224837
0.3	0.8	12	13	0.901749	0.00616946	 0.00633628
0.8	1.2	12	13	0.873888	0.00704669	 0.00716823
1.2	1.6	12	13	0.841542	0.00730908	 0.00752638
1.6	2.1	12	13	0.774415	0.00673446	 0.00680741
2.1	2.4	12	13	0.717822	0.0107797	 0.0113956
-2.4	-2.1	13	14	0.774349	0.00903765	 0.00907278
-2.1	-1.6	13	14	0.841565	0.00586464	 0.00573753
-1.6	-1.2	13	14	0.911008	0.00451135	 0.00465513
-1.2	-0.8	13	14	0.91338	0.00520826	 0.00535909
-0.8	-0.3	13	14	0.93353	0.00440895	 0.00453264
-0.3	-0.2	13	14	0.822907	0.0194969	 0.0245301
-0.2	0.2	13	14	0.931797	0.00574877	 0.00603799
0.2	0.3	13	14	0.828745	0.0220584	 0.0226535
0.3	0.8	13	14	0.94136	0.00435495	 0.00447147
0.8	1.2	13	14	0.910538	0.00508914	 0.00512693
1.2	1.6	13	14	0.899692	0.00486678	 0.00486678
1.6	2.1	13	14	0.844108	0.00531792	 0.0054792
2.1	2.4	13	14	0.789438	0.00858751	 0.00872029
-2.4	-2.1	14	16	0.796063	0.00503703	 0.00514901
-2.1	-1.6	14	16	0.841131	0.0037569	 0.00376964
-1.6	-1.2	14	16	0.907827	0.00293526	 0.0029882
-1.2	-0.8	14	16	0.918802	0.00301891	 0.00307378
-0.8	-0.3	14	16	0.940241	0.00257248	 0.0025658
-0.3	-0.2	14	16	0.825055	0.010895	 0.0110728
-0.2	0.2	14	16	0.934449	0.00341905	 0.00350037
0.2	0.3	14	16	0.843702	0.0109247	 0.0112049
0.3	0.8	14	16	0.932414	0.00259211	 0.00265909
0.8	1.2	14	16	0.913725	0.0033727	 0.00358819
1.2	1.6	14	16	0.900191	0.00340171	 0.00340823
1.6	2.1	14	16	0.855795	0.0036064	 0.00356321
2.1	2.4	14	16	0.79698	0.00602951	 0.00544461
-2.4	-2.1	16	20	0.81677	0.003132	 0.00311415
-2.1	-1.6	16	20	0.850889	0.00209454	 0.00208996
-1.6	-1.2	16	20	0.922917	0.00180238	 0.00186706
-1.2	-0.8	16	20	0.926476	0.00169069	 0.00167891
-0.8	-0.3	16	20	0.953768	0.00116964	 0.0011777
-0.3	-0.2	16	20	0.848028	0.00498216	 0.00501323
-0.2	0.2	16	20	0.946189	0.00174284	 0.00174021
0.2	0.3	16	20	0.85754	0.00548101	 0.00543811
0.3	0.8	16	20	0.950138	0.00118005	 0.00118525
0.8	1.2	16	20	0.918139	0.00183179	 0.00180441
1.2	1.6	16	20	0.916601	0.00164386	 0.00164022
1.6	2.1	16	20	0.859559	0.00197271	 0.00193429
2.1	2.4	16	20	0.813662	0.00321147	 0.00312746
-2.4	-2.1	20	25	0.830544	0.00190661	 0.00190865
-2.1	-1.6	20	25	0.852184	0.00129422	 0.00129697
-1.6	-1.2	20	25	0.924905	0.00102084	 0.00101759
-1.2	-0.8	20	25	0.93351	0.00103179	 0.00103426
-0.8	-0.3	20	25	0.960537	0.00068488	 0.000683523
-0.3	-0.2	20	25	0.861501	0.00274025	 0.00274434
-0.2	0.2	20	25	0.952315	0.000794739	 0.000799445
0.2	0.3	20	25	0.86549	0.00272848	 0.00273275
0.3	0.8	20	25	0.956022	0.000724272	 0.0007205
0.8	1.2	20	25	0.927873	0.00103262	 0.00101927
1.2	1.6	20	25	0.921627	0.00105987	 0.00106153
1.6	2.1	20	25	0.864469	0.00131064	 0.00130553
2.1	2.4	20	25	0.825849	0.00205842	 0.00207629
-2.4	-2.1	25	30	0.838091	0.00145404	 0.00143393
-2.1	-1.6	25	30	0.856654	0.000999707	 0.000995981
-1.6	-1.2	25	30	0.928767	0.000773047	 0.000773533
-1.2	-0.8	25	30	0.935515	0.000735229	 0.000727437
-0.8	-0.3	25	30	0.961388	0.000466153	 0.000466257
-0.3	-0.2	25	30	0.866143	0.00182844	 0.00179791
-0.2	0.2	25	30	0.954477	0.000508248	 0.000509843
0.2	0.3	25	30	0.870397	0.00177499	 0.00176837
0.3	0.8	25	30	0.957834	0.000483262	 0.000483545
0.8	1.2	25	30	0.930882	0.000762415	 0.000761672
1.2	1.6	25	30	0.926266	0.000801873	 0.000799694
1.6	2.1	25	30	0.866919	0.000964507	 0.000965495
2.1	2.4	25	30	0.832638	0.0014813	 0.00146758
-2.4	-2.1	30	40	0.847861	0.000773318	 0.000771716
-2.1	-1.6	30	40	0.856491	0.000519531	 0.00052092
-1.6	-1.2	30	40	0.934628	0.00037748	 0.000377437
-1.2	-0.8	30	40	0.936379	0.00034175	 0.000342031
-0.8	-0.3	30	40	0.961353	0.000218273	 0.000217297
-0.3	-0.2	30	40	0.866608	0.000886235	 0.000887567
-0.2	0.2	30	40	0.953239	0.000261694	 0.000261668
0.2	0.3	30	40	0.872663	0.000868152	 0.000869846
0.3	0.8	30	40	0.957956	0.000227754	 0.000226134
0.8	1.2	30	40	0.931391	0.000353483	 0.000354205
1.2	1.6	30	40	0.926685	0.000397016	 0.000397891
1.6	2.1	30	40	0.865328	0.000506149	 0.000507479
2.1	2.4	30	40	0.838114	0.00078723	 0.000791365
-2.4	-2.1	40	60	0.852151	0.000405639	 0.000406316
-2.1	-1.6	40	60	0.857413	0.000405639	 0.000406316
-1.6	-1.2	40	60	0.930589	0.000289587	 0.000289663
-1.2	-0.8	40	60	0.93699	0.000259057	 0.000259147
-0.8	-0.3	40	60	0.961308	0.000176283	 0.000175774
-0.3	-0.2	40	60	0.863746	0.00070973	 0.000710249
-0.2	0.2	40	60	0.953339	0.000217484	 0.000217021
0.2	0.3	40	60	0.87108	0.0007371	 0.00074255
0.3	0.8	40	60	0.957802	0.00019016	 0.000189251
0.8	1.2	40	60	0.932757	0.000267552	 0.000267056
1.2	1.6	40	60	0.92608	0.000299393	 0.000299277
1.6	2.1	40	60	0.864956	0.00039533	 0.000394554
2.1	2.4	40	60	0.841537	0.000670424	 0.000669964
-2.4	-2.1	60	100	0.855537	0.00235149	 0.00235381
-2.1	-1.6	60	100	0.858584	0.00133737	 0.00134349
-1.6	-1.2	60	100	0.885693	0.00117049	 0.0011718
-1.2	-0.8	60	100	0.936797	0.000873584	 0.00087412
-0.8	-0.3	60	100	0.95844	0.000598531	 0.000598277
-0.3	-0.2	60	100	0.858332	0.00244503	 0.0024438
-0.2	0.2	60	100	0.95217	0.000707456	 0.000711232
0.2	0.3	60	100	0.863094	0.00240751	 0.00240606
0.3	0.8	60	100	0.95472	0.000609249	 0.000610462
0.8	1.2	60	100	0.932635	0.000889391	 0.000892186
1.2	1.6	60	100	0.908681	0.00106387	 0.00105915
1.6	2.1	60	100	0.865637	0.00132854	 0.00133384
2.1	2.4	60	100	0.842493	0.00237235	 0.00237703
-2.4	-2.1	100	200	0.853415	0.0134334	 0.0138139
-2.1	-1.6	100	200	0.856588	0.00598036	 0.00603265
-1.6	-1.2	100	200	0.8527	0.00515131	 0.00521071
-1.2	-0.8	100	200	0.922485	0.00314436	 0.00321081
-0.8	-0.3	100	200	0.951925	0.00192102	 0.0019624
-0.3	-0.2	100	200	0.82263	0.00749138	 0.00774322
-0.2	0.2	100	200	0.945206	0.00229969	 0.00234666
0.2	0.3	100	200	0.852901	0.00771382	 0.00794534
0.3	0.8	100	200	0.951747	0.00191516	 0.00191516
0.8	1.2	100	200	0.921525	0.00320782	 0.00331083
1.2	1.6	100	200	0.862068	0.00521999	 0.00527836
1.6	2.1	100	200	0.85584	0.00613327	 0.0062198
2.1	2.4	100	200	0.825997	0.0140594	 0.0144027
