etamin	etamax	ptmin	ptmax	eff	deff_high	deff_low
-2.4	-2.1	10	11	0	0	 0
-2.1	-1.6	10	11	0	0	 0
-1.6	-1.2	10	11	0	0	 0
-1.2	-0.8	10	11	0	0	 0
-0.8	-0.3	10	11	0	0	 0
-0.3	-0.2	10	11	0	0	 0
-0.2	0.2	10	11	0	0	 0
0.2	0.3	10	11	0	0	 0
0.3	0.8	10	11	0	0	 0
0.8	1.2	10	11	0	0	 0
1.2	1.6	10	11	0	0	 0
1.6	2.1	10	11	0	0	 0
2.1	2.4	10	11	0	0	 0
-2.4	-2.1	11	12	0.0549451	0.00567007	 0.00558228
-2.1	-1.6	11	12	0.0350397	0.00309399	 0.00296852
-1.6	-1.2	11	12	0.0301547	0.00385574	 0.00360604
-1.2	-0.8	11	12	0.0228524	0.00387281	 0.00345584
-0.8	-0.3	11	12	0.0234177	0.00380111	 0.00348863
-0.3	-0.2	11	12	0.0157921	0.0115605	 0.00777145
-0.2	0.2	11	12	0.0224796	0.00534313	 0.00476164
0.2	0.3	11	12	0.0131632	0.00939864	 0.00633656
0.3	0.8	11	12	0.025219	0.00367694	 0.00336717
0.8	1.2	11	12	0.0292651	0.00447434	 0.00367826
1.2	1.6	11	12	0.0316162	0.0036263	 0.00342431
1.6	2.1	11	12	0.0334915	0.00344566	 0.00328322
2.1	2.4	11	12	0.034604	0.00530809	 0.00495816
-2.4	-2.1	12	13	0.701678	0.000165588	 0.000165588
-2.1	-1.6	12	13	0.763943	0.00662346	 0.00705146
-1.6	-1.2	12	13	0.846392	0.00641516	 0.00646391
-1.2	-0.8	12	13	0.877553	0.00707914	 0.00729795
-0.8	-0.3	12	13	0.91876	0.00573587	 0.00586553
-0.3	-0.2	12	13	0.837462	0.0205772	 0.0211108
-0.2	0.2	12	13	0.89887	0.00826541	 0.00867416
0.2	0.3	12	13	0.800477	0.0212903	 0.0226281
0.3	0.8	12	13	0.902027	0.00618401	 0.00635716
0.8	1.2	12	13	0.873127	0.00706275	 0.00720823
1.2	1.6	12	13	0.839974	0.00732409	 0.00745846
1.6	2.1	12	13	0.77485	0.00683061	 0.00689358
2.1	2.4	12	13	0.719837	0.0111699	 0.012075
-2.4	-2.1	13	14	0.777336	0.00900254	 0.00905981
-2.1	-1.6	13	14	0.842894	0.00580164	 0.00590145
-1.6	-1.2	13	14	0.911761	0.00450626	 0.0046679
-1.2	-0.8	13	14	0.913324	0.00525784	 0.00538825
-0.8	-0.3	13	14	0.933353	0.00427075	 0.00448426
-0.3	-0.2	13	14	0.822445	0.0195486	 0.0245927
-0.2	0.2	13	14	0.931296	0.00580626	 0.00606615
0.2	0.3	13	14	0.828312	0.0221061	 0.0226705
0.3	0.8	13	14	0.941449	0.00438917	 0.00448542
0.8	1.2	13	14	0.911009	0.00512128	 0.00515543
1.2	1.6	13	14	0.899701	0.0049236	 0.00487398
1.6	2.1	13	14	0.844081	0.00533787	 0.00524651
2.1	2.4	13	14	0.792362	0.00877186	 0.00889014
-2.4	-2.1	14	16	0.796604	0.0050742	 0.00518299
-2.1	-1.6	14	16	0.840622	0.00378462	 0.00384473
-1.6	-1.2	14	16	0.907853	0.00294451	 0.00300351
-1.2	-0.8	14	16	0.919134	0.00301895	 0.00306521
-0.8	-0.3	14	16	0.940832	0.00255659	 0.00255702
-0.3	-0.2	14	16	0.825484	0.0109242	 0.0110936
-0.2	0.2	14	16	0.934565	0.00340389	 0.00349159
0.2	0.3	14	16	0.843184	0.0109573	 0.0112219
0.3	0.8	14	16	0.932223	0.00260799	 0.00266419
0.8	1.2	14	16	0.913366	0.00339499	 0.00362406
1.2	1.6	14	16	0.900396	0.00338637	 0.0034447
1.6	2.1	14	16	0.855917	0.00359828	 0.00361206
2.1	2.4	14	16	0.798687	0.00562012	 0.0057695
-2.4	-2.1	16	20	0.817331	0.00314105	 0.00316654
-2.1	-1.6	16	20	0.850855	0.00210616	 0.00210324
-1.6	-1.2	16	20	0.923023	0.00181286	 0.00186629
-1.2	-0.8	16	20	0.926466	0.00170309	 0.00168051
-0.8	-0.3	16	20	0.953744	0.00117379	 0.00118055
-0.3	-0.2	16	20	0.84845	0.00498325	 0.00502096
-0.2	0.2	16	20	0.946429	0.00171423	 0.00176996
0.2	0.3	16	20	0.857302	0.00545805	 0.00542916
0.3	0.8	16	20	0.950394	0.00117764	 0.00118696
0.8	1.2	16	20	0.918151	0.00184066	 0.00179092
1.2	1.6	16	20	0.9167	0.00163119	 0.00164055
1.6	2.1	16	20	0.859443	0.00199411	 0.001963
2.1	2.4	16	20	0.813541	0.00318588	 0.00316458
-2.4	-2.1	20	25	0.830293	0.00191783	 0.00192139
-2.1	-1.6	20	25	0.852172	0.00129732	 0.00130117
-1.6	-1.2	20	25	0.924875	0.00102386	 0.00101934
-1.2	-0.8	20	25	0.933499	0.00103312	 0.00103642
-0.8	-0.3	20	25	0.960554	0.000686123	 0.000685628
-0.3	-0.2	20	25	0.861404	0.00274176	 0.00274595
-0.2	0.2	20	25	0.952319	0.000795859	 0.000799876
0.2	0.3	20	25	0.865579	0.00272981	 0.00272529
0.3	0.8	20	25	0.956083	0.000720829	 0.000719234
0.8	1.2	20	25	0.92783	0.00103102	 0.00102773
1.2	1.6	20	25	0.921697	0.00106428	 0.0010657
1.6	2.1	20	25	0.864513	0.0013156	 0.00131006
2.1	2.4	20	25	0.825551	0.00206618	 0.00208033
-2.4	-2.1	25	30	0.838533	0.00144837	 0.00144873
-2.1	-1.6	25	30	0.856656	0.0010034	 0.000998503
-1.6	-1.2	25	30	0.928784	0.000772596	 0.000772981
-1.2	-0.8	25	30	0.935565	0.000736055	 0.000725878
-0.8	-0.3	25	30	0.961368	0.000466346	 0.000466438
-0.3	-0.2	25	30	0.866141	0.00180994	 0.00181855
-0.2	0.2	25	30	0.954483	0.000510816	 0.000508807
0.2	0.3	25	30	0.870429	0.00177448	 0.0017697
0.3	0.8	25	30	0.957878	0.000483499	 0.000483822
0.8	1.2	25	30	0.930906	0.000763481	 0.000763
1.2	1.6	25	30	0.92626	0.000800502	 0.000798483
1.6	2.1	25	30	0.867007	0.000968051	 0.000968618
2.1	2.4	25	30	0.83311	0.00148728	 0.00147551
-2.4	-2.1	30	40	0.847939	0.000775102	 0.000774128
-2.1	-1.6	30	40	0.856504	0.000520957	 0.00052101
-1.6	-1.2	30	40	0.934673	0.000377666	 0.000377169
-1.2	-0.8	30	40	0.936394	0.000341636	 0.000342515
-0.8	-0.3	30	40	0.961363	0.000218396	 0.000217389
-0.3	-0.2	30	40	0.86663	0.000886875	 0.000887937
-0.2	0.2	30	40	0.953248	0.000261986	 0.000261628
0.2	0.3	30	40	0.872669	0.000868749	 0.000870471
0.3	0.8	30	40	0.957987	0.000227706	 0.000226214
0.8	1.2	30	40	0.931411	0.000353671	 0.000354357
1.2	1.6	30	40	0.92671	0.000397316	 0.000397956
1.6	2.1	30	40	0.865274	0.000507958	 0.000508223
2.1	2.4	30	40	0.838293	0.000791872	 0.000791786
-2.4	-2.1	40	60	0.852255	0.000666037	 0.000661408
-2.1	-1.6	40	60	0.85743	0.000400578	 0.000394141
-1.6	-1.2	40	60	0.930598	0.000290115	 0.000289491
-1.2	-0.8	40	60	0.936996	0.00025939	 0.000259136
-0.8	-0.3	40	60	0.961309	0.000176172	 0.000176076
-0.3	-0.2	40	60	0.864244	0.000752509	 0.000751139
-0.2	0.2	40	60	0.953333	0.000217539	 0.000217228
0.2	0.3	40	60	0.871101	0.000740875	 0.000739537
0.3	0.8	40	60	0.957887	0.000192598	 0.000193269
0.8	1.2	40	60	0.932777	0.000267563	 0.000267251
1.2	1.6	40	60	0.926078	0.00030011	 0.000298886
1.6	2.1	40	60	0.864923	0.000395878	 0.000395532
2.1	2.4	40	60	0.841767	0.000670766	 0.000673283
-2.4	-2.1	60	100	0.855472	0.0023574	 0.00236524
-2.1	-1.6	60	100	0.858665	0.00133875	 0.00134309
-1.6	-1.2	60	100	0.885654	0.00117063	 0.0011723
-1.2	-0.8	60	100	0.936772	0.000872705	 0.000875445
-0.8	-0.3	60	100	0.95846	0.000598369	 0.000595539
-0.3	-0.2	60	100	0.858298	0.00244691	 0.00244814
-0.2	0.2	60	100	0.952152	0.000707529	 0.000711136
0.2	0.3	60	100	0.863095	0.00240344	 0.00241155
0.3	0.8	60	100	0.954791	0.000609055	 0.000611357
0.8	1.2	60	100	0.932636	0.000891227	 0.000890544
1.2	1.6	60	100	0.908665	0.00105961	 0.00106476
1.6	2.1	60	100	0.865565	0.00133152	 0.00133722
2.1	2.4	60	100	0.842647	0.0023785	 0.00238707
-2.4	-2.1	100	200	0.853753	0.013405	 0.0137925
-2.1	-1.6	100	200	0.856329	0.00597568	 0.00604128
-1.6	-1.2	100	200	0.852978	0.00515526	 0.00521619
-1.2	-0.8	100	200	0.922469	0.00313808	 0.00320624
-0.8	-0.3	100	200	0.951946	0.00192814	 0.00192814
-0.3	-0.2	100	200	0.822573	0.00748494	 0.00775527
-0.2	0.2	100	200	0.945151	0.0054883	 0.00234431
0.2	0.3	100	200	0.853463	0.00774947	 0.00790366
0.3	0.8	100	200	0.951799	0.00183446	 0.00192031
0.8	1.2	100	200	0.921644	0.0031909	 0.00330851
1.2	1.6	100	200	0.862236	0.00521288	 0.00528846
1.6	2.1	100	200	0.85586	0.0061051	 0.00622018
2.1	2.4	100	200	0.824498	0.0141304	 0.0144098
