etamin	etamax	ptmin	ptmax	eff	deff_high	deff_low
-2.4	-2.1	10	13	0.94724	0.00930915	 0.0105077
-2.1	-1.6	10	13	0.958081	0.00740896	 0.00806532
-1.6	-1.2	10	13	0.981698	0.00558959	 0.00687423
-1.2	-0.8	10	13	0.966329	0.00827572	 0.00884396
-0.8	-0.3	10	13	0.972642	0.00725484	 0.00880933
-0.3	-0.2	10	13	0.851608	0.0507143	 0.0554391
-0.2	0.2	10	13	0.947969	0.0176499	 0.0203356
0.2	0.3	10	13	0.84373	0.0489829	 0.0591178
0.3	0.8	10	13	0.965834	0.00780841	 0.00926433
0.8	1.2	10	13	0.948407	0.00858122	 0.00963495
1.2	1.6	10	13	0.982089	0.00449265	 0.00536736
1.6	2.1	10	13	0.952555	0.00652181	 0.00713661
2.1	2.4	10	13	0.937442	0.0108157	 0.0118185
-2.4	-2.1	13	16	0.941732	0.00831824	 0.00830338
-2.1	-1.6	13	16	0.954	0.00586954	 0.00617566
-1.6	-1.2	13	16	0.988581	0.00293072	 0.00340415
-1.2	-0.8	13	16	0.952019	0.006683	 0.00701468
-0.8	-0.3	13	16	0.961078	0.00604701	 0.00658221
-0.3	-0.2	13	16	0.850751	0.0302501	 0.0309227
-0.2	0.2	13	16	0.950736	0.00953321	 0.010364
0.2	0.3	13	16	0.876507	0.0292342	 0.039942
0.3	0.8	13	16	0.969805	0.00522132	 0.00588849
0.8	1.2	13	16	0.959572	0.00577954	 0.00638808
1.2	1.6	13	16	0.97804	0.00454886	 0.00504581
1.6	2.1	13	16	0.961411	0.00581894	 0.00555588
2.1	2.4	13	16	0.946648	0.00848368	 0.00921851
-2.4	-2.1	16	20	0.946224	0.0052606	 0.00564123
-2.1	-1.6	16	20	0.951916	0.00365026	 0.00385486
-1.6	-1.2	16	20	0.985221	0.00219157	 0.00242185
-1.2	-0.8	16	20	0.956997	0.00459431	 0.00489909
-0.8	-0.3	16	20	0.967604	0.00322228	 0.00344039
-0.3	-0.2	16	20	0.845418	0.0178378	 0.0191884
-0.2	0.2	16	20	0.943998	0.00608389	 0.00612948
0.2	0.3	16	20	0.842327	0.0181852	 0.0191817
0.3	0.8	16	20	0.96411	0.00333696	 0.0035381
0.8	1.2	16	20	0.951836	0.00415783	 0.00441278
1.2	1.6	16	20	0.979467	0.00333595	 0.00451668
1.6	2.1	16	20	0.95137	0.00381937	 0.00383578
2.1	2.4	16	20	0.940465	0.00593042	 0.00633527
-2.4	-2.1	20	25	0.954051	0.00343509	 0.00357877
-2.1	-1.6	20	25	0.957671	0.00258459	 0.00298678
-1.6	-1.2	20	25	0.984162	0.00156764	 0.00164345
-1.2	-0.8	20	25	0.962088	0.00276746	 0.00276872
-0.8	-0.3	20	25	0.970633	0.00193155	 0.00201341
-0.3	-0.2	20	25	0.826816	0.00994746	 0.0102335
-0.2	0.2	20	25	0.954307	0.00257735	 0.0026514
0.2	0.3	20	25	0.884649	0.00842388	 0.00880902
0.3	0.8	20	25	0.967377	0.00216381	 0.00225125
0.8	1.2	20	25	0.957473	0.00271635	 0.00291655
1.2	1.6	20	25	0.980539	0.00174997	 0.00183318
1.6	2.1	20	25	0.958832	0.00240352	 0.00243935
2.1	2.4	20	25	0.950759	0.00341704	 0.00358282
-2.4	-2.1	25	30	0.958414	0.00286391	 0.0029275
-2.1	-1.6	25	30	0.954219	0.00205753	 0.0020541
-1.6	-1.2	25	30	0.98539	0.00131536	 0.00138207
-1.2	-0.8	25	30	0.958632	0.00224314	 0.00239421
-0.8	-0.3	25	30	0.967299	0.00147961	 0.00149672
-0.3	-0.2	25	30	0.852011	0.00662427	 0.00671283
-0.2	0.2	25	30	0.954646	0.00172597	 0.00173354
0.2	0.3	25	30	0.876289	0.0061358	 0.00622201
0.3	0.8	25	30	0.966827	0.00139196	 0.00143041
0.8	1.2	25	30	0.952872	0.00213753	 0.0021671
1.2	1.6	25	30	0.978937	0.00155518	 0.00163765
1.6	2.1	25	30	0.956539	0.00184708	 0.00189711
2.1	2.4	25	30	0.95111	0.00311304	 0.00388097
-2.4	-2.1	30	40	0.960667	0.00147768	 0.0014774
-2.1	-1.6	30	40	0.95496	0.0011063	 0.00110364
-1.6	-1.2	30	40	0.985252	0.000654898	 0.000659925
-1.2	-0.8	30	40	0.95615	0.000964524	 0.000971765
-0.8	-0.3	30	40	0.969057	0.000709578	 0.000702133
-0.3	-0.2	30	40	0.845409	0.0033523	 0.00341622
-0.2	0.2	30	40	0.955336	0.000918228	 0.000914863
0.2	0.3	30	40	0.875582	0.00317171	 0.00316325
0.3	0.8	30	40	0.968495	0.000689634	 0.000689444
0.8	1.2	30	40	0.955404	0.00102491	 0.00102134
1.2	1.6	30	40	0.976978	0.000833039	 0.000811063
1.6	2.1	30	40	0.956161	0.00109743	 0.00108296
2.1	2.4	30	40	0.955421	0.00163562	 0.00165247
-2.4	-2.1	40	60	0.961647	0.00127267	 0.00128097
-2.1	-1.6	40	60	0.954644	0.00081392	 0.00081392
-1.6	-1.2	40	60	0.985647	0.000497492	 0.000503209
-1.2	-0.8	40	60	0.956734	0.000738923	 0.000747682
-0.8	-0.3	40	60	0.966806	0.000601261	 0.000607334
-0.3	-0.2	40	60	0.839595	0.00269691	 0.0027256
-0.2	0.2	40	60	0.95511	0.000754853	 0.000755836
0.2	0.3	40	60	0.874638	0.00267728	 0.00270959
0.3	0.8	40	60	0.966931	0.00057961	 0.000583073
0.8	1.2	40	60	0.952558	0.000824729	 0.000821955
1.2	1.6	40	60	0.975797	0.00058134	 0.00059344
1.6	2.1	40	60	0.956394	0.000806836	 0.000810576
2.1	2.4	40	60	0.954998	0.00141801	 0.00142858
-2.4	-2.1	60	100	0.958513	0.00295949	 0.00303203
-2.1	-1.6	60	100	0.950671	0.00295949	 0.00303203
-1.6	-1.2	60	100	0.983377	0.00173814	 0.00186252
-1.2	-0.8	60	100	0.956207	0.00241756	 0.00246009
-0.8	-0.3	60	100	0.967487	0.0018253	 0.00185492
-0.3	-0.2	60	100	0.831829	0.00921035	 0.00941364
-0.2	0.2	60	100	0.950973	0.00256035	 0.00262233
0.2	0.3	60	100	0.848747	0.00810805	 0.00837045
0.3	0.8	60	100	0.963658	0.0020029	 0.00196307
0.8	1.2	60	100	0.95402	0.00242938	 0.00248612
1.2	1.6	60	100	0.974508	0.002064	 0.00215094
1.6	2.1	60	100	0.955172	0.00294238	 0.00266978
2.1	2.4	60	100	0.955841	0.00470658	 0.00483714
-2.4	-2.1	100	200	0.96688	0.0194833	 0.0216084
-2.1	-1.6	100	200	0.92194	0.0123068	 0.0131939
-1.6	-1.2	100	200	0.952609	0.00697682	 0.00769069
-1.2	-0.8	100	200	0.959071	0.00744973	 0.00803391
-0.8	-0.3	100	200	0.960791	0.0062086	 0.0066512
-0.3	-0.2	100	200	0.883683	0.0203485	 0.0227619
-0.2	0.2	100	200	0.946409	0.00661717	 0.0071829
0.2	0.3	100	200	0.889701	0.0206713	 0.0227643
0.3	0.8	100	200	0.961641	0.0051826	 0.00567746
0.8	1.2	100	200	0.95018	0.00785956	 0.00855564
1.2	1.6	100	200	0.935072	0.00937655	 0.00992873
1.6	2.1	100	200	0.919514	0.0118857	 0.0122596
2.1	2.4	100	200	0.918894	0.0193532	 0.0214373
