etamin	etamax	ptmin	ptmax	eff	deff_high	deff_low
-2.4	-2.1	10	13	0.912916	0.0119234	 0.0142281
-2.1	-1.6	10	13	0.928658	0.0094887	 0.0100942
-1.6	-1.2	10	13	0.957308	0.00769466	 0.00812178
-1.2	-0.8	10	13	0.942582	0.00906597	 0.0100643
-0.8	-0.3	10	13	0.94992	0.0100372	 0.011625
-0.3	-0.2	10	13	0.838822	0.052689	 0.0579269
-0.2	0.2	10	13	0.935332	0.0187871	 0.020227
0.2	0.3	10	13	0.821364	0.0523031	 0.0628566
0.3	0.8	10	13	0.946996	0.00980666	 0.0111987
0.8	1.2	10	13	0.930594	0.0109554	 0.0109554
1.2	1.6	10	13	0.957486	0.00761484	 0.0084092
1.6	2.1	10	13	0.936553	0.00753578	 0.00813661
2.1	2.4	10	13	0.894071	0.0142685	 0.0152376
-2.4	-2.1	13	16	0.893897	0.0112081	 0.0108011
-2.1	-1.6	13	16	0.933641	0.00719183	 0.0075623
-1.6	-1.2	13	16	0.971822	0.00518442	 0.00564659
-1.2	-0.8	13	16	0.933386	0.00842915	 0.00816478
-0.8	-0.3	13	16	0.944748	0.00684867	 0.0073999
-0.3	-0.2	13	16	0.837165	0.028871	 0.0319196
-0.2	0.2	13	16	0.935177	0.0108528	 0.0116747
0.2	0.3	13	16	0.848553	0.0291638	 0.0328589
0.3	0.8	13	16	0.955226	0.00640049	 0.007059
0.8	1.2	13	16	0.933819	0.00744952	 0.0080025
1.2	1.6	13	16	0.951465	0.00679415	 0.00724037
1.6	2.1	13	16	0.938878	0.00723687	 0.00764004
2.1	2.4	13	16	0.912898	0.0108785	 0.0114337
-2.4	-2.1	16	20	0.916521	0.00659579	 0.00694993
-2.1	-1.6	16	20	0.931098	0.00492055	 0.00508438
-1.6	-1.2	16	20	0.95938	0.00370371	 0.00394036
-1.2	-0.8	16	20	0.939915	0.00549138	 0.00595082
-0.8	-0.3	16	20	0.955937	0.00388915	 0.00399917
-0.3	-0.2	16	20	0.819394	0.0190035	 0.0202098
-0.2	0.2	16	20	0.926418	0.00706125	 0.00688014
0.2	0.3	16	20	0.814663	0.0194299	 0.0203875
0.3	0.8	16	20	0.946699	0.00410869	 0.00430316
0.8	1.2	16	20	0.930776	0.00502962	 0.00523041
1.2	1.6	16	20	0.960367	0.00370495	 0.00453865
1.6	2.1	16	20	0.929539	0.00428469	 0.00447928
2.1	2.4	16	20	0.90484	0.00754222	 0.00777194
-2.4	-2.1	20	25	0.923356	0.0049831	 0.00464012
-2.1	-1.6	20	25	0.932902	0.00333768	 0.00336396
-1.6	-1.2	20	25	0.961528	0.00232688	 0.00242137
-1.2	-0.8	20	25	0.940398	0.00323259	 0.00321111
-0.8	-0.3	20	25	0.956651	0.00236582	 0.00241089
-0.3	-0.2	20	25	0.80154	0.0105676	 0.0107978
-0.2	0.2	20	25	0.932314	0.00312891	 0.00320996
0.2	0.3	20	25	0.855296	0.00968838	 0.0097816
0.3	0.8	20	25	0.954179	0.00253703	 0.00260684
0.8	1.2	20	25	0.938527	0.00332652	 0.00387958
1.2	1.6	20	25	0.957703	0.002869	 0.00338215
1.6	2.1	20	25	0.93645	0.00302674	 0.00306784
2.1	2.4	20	25	0.922522	0.00487146	 0.00679809
-2.4	-2.1	25	30	0.933425	0.00353497	 0.003616
-2.1	-1.6	25	30	0.930948	0.0023418	 0.00237454
-1.6	-1.2	25	30	0.958384	0.00216866	 0.00221948
-1.2	-0.8	25	30	0.941571	0.00244612	 0.00244155
-0.8	-0.3	25	30	0.955979	0.0017321	 0.00172818
-0.3	-0.2	25	30	0.831196	0.00697198	 0.00696642
-0.2	0.2	25	30	0.938472	0.00217439	 0.00211309
0.2	0.3	25	30	0.847238	0.00665937	 0.00666766
0.3	0.8	25	30	0.953197	0.00177193	 0.00171531
0.8	1.2	25	30	0.934406	0.0025084	 0.00253352
1.2	1.6	25	30	0.955306	0.00226521	 0.00226585
1.6	2.1	25	30	0.933971	0.00226865	 0.00231304
2.1	2.4	25	30	0.922002	0.0039575	 0.00389781
-2.4	-2.1	30	40	0.935495	0.00185545	 0.0018633
-2.1	-1.6	30	40	0.933807	0.00132486	 0.00131795
-1.6	-1.2	30	40	0.956391	0.00109301	 0.00108931
-1.2	-0.8	30	40	0.938279	0.00116803	 0.00115971
-0.8	-0.3	30	40	0.9542	0.000820574	 0.00082584
-0.3	-0.2	30	40	0.824061	0.00355488	 0.00359007
-0.2	0.2	30	40	0.936696	0.0010846	 0.0010754
0.2	0.3	30	40	0.851802	0.00340891	 0.00342086
0.3	0.8	30	40	0.955346	0.000820954	 0.000818608
0.8	1.2	30	40	0.937598	0.00119655	 0.00120354
1.2	1.6	30	40	0.95358	0.0011218	 0.00111745
1.6	2.1	30	40	0.936017	0.00132878	 0.00129831
2.1	2.4	30	40	0.931505	0.00196312	 0.00197462
-2.4	-2.1	40	60	0.938476	0.00147944	 0.0015075
-2.1	-1.6	40	60	0.933647	0.00104337	 0.00103858
-1.6	-1.2	40	60	0.948727	0.000914574	 0.000913506
-1.2	-0.8	40	60	0.938966	0.000909409	 0.000908037
-0.8	-0.3	40	60	0.954114	0.000710636	 0.000709518
-0.3	-0.2	40	60	0.817474	0.00284064	 0.00286798
-0.2	0.2	40	60	0.939356	0.000889187	 0.000888876
0.2	0.3	40	60	0.851145	0.00287909	 0.00290257
0.3	0.8	40	60	0.954903	0.000648465	 0.000656027
0.8	1.2	40	60	0.935118	0.000959227	 0.000963489
1.2	1.6	40	60	0.94768	0.000923791	 0.000928616
1.6	2.1	40	60	0.936559	0.00101844	 0.00101831
2.1	2.4	40	60	0.932025	0.00169757	 0.00173181
-2.4	-2.1	60	100	0.938824	0.0045998	 0.00483428
-2.1	-1.6	60	100	0.929546	0.00348143	 0.0035343
-1.6	-1.2	60	100	0.90799	0.00370511	 0.00373728
-1.2	-0.8	60	100	0.940416	0.00292023	 0.0029227
-0.8	-0.3	60	100	0.954062	0.0022493	 0.0022493
-0.3	-0.2	60	100	0.80148	0.00981371	 0.010019
-0.2	0.2	60	100	0.935409	0.00292062	 0.00299147
0.2	0.3	60	100	0.820768	0.00870022	 0.00894938
0.3	0.8	60	100	0.951078	0.00230798	 0.00239435
0.8	1.2	60	100	0.932722	0.00290649	 0.00295637
1.2	1.6	60	100	0.927759	0.00329419	 0.00336244
1.6	2.1	60	100	0.933839	0.00312453	 0.00317296
2.1	2.4	60	100	0.939848	0.00521489	 0.00533912
-2.4	-2.1	100	200	0.947968	0.0229045	 0.0249293
-2.1	-1.6	100	200	0.90505	0.0136087	 0.0144091
-1.6	-1.2	100	200	0.834135	0.0130614	 0.0135689
-1.2	-0.8	100	200	0.937488	0.00894357	 0.00938553
-0.8	-0.3	100	200	0.945494	0.00713575	 0.00756635
-0.3	-0.2	100	200	0.856689	0.0225951	 0.0249328
-0.2	0.2	100	200	0.934329	0.00731056	 0.00790197
0.2	0.3	100	200	0.861474	0.0232797	 0.0251913
0.3	0.8	100	200	0.946844	0.00612208	 0.00660733
0.8	1.2	100	200	0.931319	0.00925002	 0.00990278
1.2	1.6	100	200	0.830293	0.0142156	 0.0146
1.6	2.1	100	200	0.894229	0.0131932	 0.013724
2.1	2.4	100	200	0.861498	0.0237617	 0.0274809
