etamin	etamax	ptmin	ptmax	eff	deff_high	deff_low
-2.4	-2.1	10	13	0.947453	0.00342444	 0.00352738
-2.1	-1.6	10	13	0.931405	0.00246004	 0.0024993
-1.6	-1.2	10	13	0.983431	0.00168488	 0.00177442
-1.2	-0.8	10	13	0.961951	0.0028022	 0.00310281
-0.8	-0.3	10	13	0.953115	0.00332678	 0.00337624
-0.3	-0.2	10	13	0.889464	0.0138287	 0.0145062
-0.2	0.2	10	13	0.944792	0.00462316	 0.00466434
0.2	0.3	10	13	0.841836	0.0144304	 0.0155754
0.3	0.8	10	13	0.953748	0.00339087	 0.00350225
0.8	1.2	10	13	0.950698	0.00322949	 0.00302675
1.2	1.6	10	13	0.973293	0.00267715	 0.002274
1.6	2.1	10	13	0.937653	0.00268166	 0.00273403
2.1	2.4	10	13	0.953135	0.00335941	 0.00327549
-2.4	-2.1	13	16	0.941822	0.00253237	 0.00262843
-2.1	-1.6	13	16	0.937187	0.00215722	 0.00217288
-1.6	-1.2	13	16	0.985292	0.00111315	 0.00114202
-1.2	-0.8	13	16	0.967953	0.00183487	 0.0018843
-0.8	-0.3	13	16	0.953619	0.00196699	 0.00200503
-0.3	-0.2	13	16	0.853131	0.00936772	 0.00955257
-0.2	0.2	13	16	0.95158	0.00269909	 0.00277043
0.2	0.3	13	16	0.867261	0.00942906	 0.00968249
0.3	0.8	13	16	0.950745	0.00254536	 0.00362525
0.8	1.2	13	16	0.962283	0.00204257	 0.00211386
1.2	1.6	13	16	0.978277	0.00150353	 0.00154875
1.6	2.1	13	16	0.944318	0.00207507	 0.00204058
2.1	2.4	13	16	0.957045	0.00246738	 0.00255016
-2.4	-2.1	16	20	0.949648	0.00164869	 0.00165729
-2.1	-1.6	16	20	0.941724	0.00149941	 0.00157412
-1.6	-1.2	16	20	0.98952	0.000690828	 0.000711941
-1.2	-0.8	16	20	0.970635	0.0011242	 0.0010999
-0.8	-0.3	16	20	0.968155	0.00102006	 0.00103361
-0.3	-0.2	16	20	0.884858	0.00464267	 0.00474467
-0.2	0.2	16	20	0.962664	0.00149606	 0.00149015
0.2	0.3	16	20	0.88568	0.00530981	 0.00558028
0.3	0.8	16	20	0.965313	0.00103142	 0.00104762
0.8	1.2	16	20	0.964969	0.00126759	 0.00124344
1.2	1.6	16	20	0.982735	0.000782068	 0.00080316
1.6	2.1	16	20	0.946837	0.00126604	 0.00127237
2.1	2.4	16	20	0.957731	0.00161994	 0.00161904
-2.4	-2.1	20	25	0.953827	0.00104363	 0.00106167
-2.1	-1.6	20	25	0.941636	0.000905031	 0.000891007
-1.6	-1.2	20	25	0.99083	0.000426423	 0.000405976
-1.2	-0.8	20	25	0.971291	0.000739444	 0.000726975
-0.8	-0.3	20	25	0.973075	0.000603558	 0.000603982
-0.3	-0.2	20	25	0.888103	0.00265313	 0.0026819
-0.2	0.2	20	25	0.965502	0.000717887	 0.000724863
0.2	0.3	20	25	0.893882	0.00269317	 0.00266549
0.3	0.8	20	25	0.969286	0.000645144	 0.000646689
0.8	1.2	20	25	0.967584	0.000737071	 0.000739271
1.2	1.6	20	25	0.984128	0.000495928	 0.000505794
1.6	2.1	20	25	0.949113	0.000889668	 0.000879571
2.1	2.4	20	25	0.963616	0.00105057	 0.00106386
-2.4	-2.1	25	30	0.956393	0.00083253	 0.000819859
-2.1	-1.6	25	30	0.943007	0.000697159	 0.000698153
-1.6	-1.2	25	30	0.991036	0.000322549	 0.000329879
-1.2	-0.8	25	30	0.970585	0.000566374	 0.000554771
-0.8	-0.3	25	30	0.97376	0.000411602	 0.000409361
-0.3	-0.2	25	30	0.892694	0.00174886	 0.00175761
-0.2	0.2	25	30	0.967257	0.000461811	 0.000464676
0.2	0.3	25	30	0.894201	0.00171894	 0.00172912
0.3	0.8	25	30	0.970377	0.000436526	 0.000437522
0.8	1.2	25	30	0.968133	0.000558913	 0.000560609
1.2	1.6	25	30	0.984235	0.000676997	 0.000676724
1.6	2.1	25	30	0.948004	0.000676997	 0.000676724
2.1	2.4	25	30	0.965276	0.000778276	 0.000785463
-2.4	-2.1	30	40	0.95918	0.000451981	 0.000448059
-2.1	-1.6	30	40	0.943193	0.000367201	 0.000367299
-1.6	-1.2	30	40	0.991285	0.00015228	 0.000149353
-1.2	-0.8	30	40	0.968508	0.000259108	 0.00025959
-0.8	-0.3	30	40	0.973573	0.000193393	 0.000193399
-0.3	-0.2	30	40	0.892403	0.000858255	 0.000860316
-0.2	0.2	30	40	0.966888	0.000236914	 0.000236477
0.2	0.3	30	40	0.895856	0.000848378	 0.000850697
0.3	0.8	30	40	0.970114	0.000206843	 0.000204615
0.8	1.2	30	40	0.966122	0.000270617	 0.000269043
1.2	1.6	30	40	0.984231	0.00020388	 0.000203853
1.6	2.1	30	40	0.947962	0.000351343	 0.000352025
2.1	2.4	30	40	0.966068	0.000407878	 0.000406821
-2.4	-2.1	40	60	0.958761	0.00040777	 0.000410835
-2.1	-1.6	40	60	0.942913	0.000281478	 0.000264834
-1.6	-1.2	40	60	0.991423	0.000104276	 0.000105051
-1.2	-0.8	40	60	0.968149	0.000198841	 0.000198222
-0.8	-0.3	40	60	0.972392	0.000159766	 0.000159637
-0.3	-0.2	40	60	0.889364	0.000734152	 0.000734165
-0.2	0.2	40	60	0.96537	0.000204462	 0.000201333
0.2	0.3	40	60	0.891622	0.00071658	 0.000718684
0.3	0.8	40	60	0.968462	0.000175049	 0.000176021
0.8	1.2	40	60	0.96555	0.000208047	 0.000207749
1.2	1.6	40	60	0.984346	0.000150168	 0.00015051
1.6	2.1	40	60	0.946055	0.000278046	 0.000277761
2.1	2.4	40	60	0.966493	0.000347392	 0.00034502
-2.4	-2.1	60	100	0.960602	0.00137036	 0.00138219
-2.1	-1.6	60	100	0.94378	0.000941128	 0.000947152
-1.6	-1.2	60	100	0.991946	0.000389373	 0.000401519
-1.2	-0.8	60	100	0.965858	0.000697629	 0.000703824
-0.8	-0.3	60	100	0.969676	0.000538463	 0.000540659
-0.3	-0.2	60	100	0.88752	0.00233499	 0.00235524
-0.2	0.2	60	100	0.964351	0.000659041	 0.000662398
0.2	0.3	60	100	0.88731	0.00234662	 0.00236356
0.3	0.8	60	100	0.966123	0.000562733	 0.000566245
0.8	1.2	60	100	0.964476	0.000686369	 0.000691305
1.2	1.6	60	100	0.984422	0.000476205	 0.000486224
1.6	2.1	60	100	0.945074	0.000952065	 0.000951257
2.1	2.4	60	100	0.966383	0.00131398	 0.00132475
-2.4	-2.1	100	200	0.96495	0.00767146	 0.00821713
-2.1	-1.6	100	200	0.940948	0.00419484	 0.00434244
-1.6	-1.2	100	200	0.992239	0.00126226	 0.00139251
-1.2	-0.8	100	200	0.958498	0.00260256	 0.00263437
-0.8	-0.3	100	200	0.966319	0.00177944	 0.00182576
-0.3	-0.2	100	200	0.864368	0.00722685	 0.00712684
-0.2	0.2	100	200	0.960754	0.00212342	 0.00218555
0.2	0.3	100	200	0.882475	0.00737539	 0.00754163
0.3	0.8	100	200	0.963459	0.0025087	 0.00263016
0.8	1.2	100	200	0.955563	0.0025087	 0.00263016
1.2	1.6	100	200	0.981854	0.00217513	 0.00239391
1.6	2.1	100	200	0.941457	0.00427442	 0.00442552
2.1	2.4	100	200	0.967169	0.00770478	 0.00797082
