etamin	etamax	ptmin	ptmax	eff	deff_high	deff_low
-2.4	-2.1	10	13	0.924513	0.00374338	 0.00379762
-2.1	-1.6	10	13	0.939549	0.00258039	 0.00263678
-1.6	-1.2	10	13	0.968686	0.00253724	 0.00244912
-1.2	-0.8	10	13	0.943539	0.00336411	 0.00329455
-0.8	-0.3	10	13	0.933197	0.00401849	 0.0041192
-0.3	-0.2	10	13	0.799058	0.0155763	 0.0162923
-0.2	0.2	10	13	0.917295	0.00620708	 0.00644541
0.2	0.3	10	13	0.821373	0.017342	 0.0174351
0.3	0.8	10	13	0.924213	0.0047641	 0.00378391
0.8	1.2	10	13	0.929892	0.00315127	 0.00324364
1.2	1.6	10	13	0.963429	0.00253833	 0.00261372
1.6	2.1	10	13	0.938822	0.00263096	 0.00268821
2.1	2.4	10	13	0.928006	0.00397417	 0.00409435
-2.4	-2.1	13	16	0.92569	0.00316452	 0.00323052
-2.1	-1.6	13	16	0.94176	0.00205965	 0.00211512
-1.6	-1.2	13	16	0.972903	0.0015989	 0.0016638
-1.2	-0.8	13	16	0.94896	0.00229668	 0.0023836
-0.8	-0.3	13	16	0.932439	0.00244673	 0.00246105
-0.3	-0.2	13	16	0.8113	0.011391	 0.0117503
-0.2	0.2	13	16	0.908582	0.003986	 0.00391875
0.2	0.3	13	16	0.824921	0.0106805	 0.01088
0.3	0.8	13	16	0.92983	0.00238386	 0.00237748
0.8	1.2	13	16	0.947349	0.0023621	 0.00242792
1.2	1.6	13	16	0.964144	0.00180819	 0.0018601
1.6	2.1	13	16	0.942472	0.00202133	 0.00205082
2.1	2.4	13	16	0.937109	0.0029395	 0.00300576
-2.4	-2.1	16	20	0.934843	0.00192089	 0.00192167
-2.1	-1.6	16	20	0.945901	0.00138307	 0.00139639
-1.6	-1.2	16	20	0.977904	0.00097971	 0.00100733
-1.2	-0.8	16	20	0.95651	0.0014069	 0.00143409
-0.8	-0.3	16	20	0.951869	0.00123931	 0.00124782
-0.3	-0.2	16	20	0.813696	0.00544122	 0.00549483
-0.2	0.2	16	20	0.936009	0.00183892	 0.00183175
0.2	0.3	16	20	0.845033	0.00515693	 0.00520831
0.3	0.8	16	20	0.952243	0.00135263	 0.00130208
0.8	1.2	16	20	0.951806	0.00138151	 0.0013646
1.2	1.6	16	20	0.972184	0.00112907	 0.00114564
1.6	2.1	16	20	0.944582	0.0014357	 0.00140545
2.1	2.4	16	20	0.933927	0.00205365	 0.00209215
-2.4	-2.1	20	25	0.939101	0.00128365	 0.00128334
-2.1	-1.6	20	25	0.945014	0.000890148	 0.000875503
-1.6	-1.2	20	25	0.980297	0.000586041	 0.000588748
-1.2	-0.8	20	25	0.957911	0.000847772	 0.000839376
-0.8	-0.3	20	25	0.958517	0.000701405	 0.000699492
-0.3	-0.2	20	25	0.82124	0.00310733	 0.00312726
-0.2	0.2	20	25	0.942062	0.000885111	 0.000875915
0.2	0.3	20	25	0.855214	0.00276647	 0.00279599
0.3	0.8	20	25	0.960419	0.000685565	 0.000685344
0.8	1.2	20	25	0.955669	0.000869508	 0.0008611
1.2	1.6	20	25	0.975192	0.0006673	 0.000669474
1.6	2.1	20	25	0.949288	0.000868506	 0.00085223
2.1	2.4	20	25	0.937936	0.00133168	 0.00132904
-2.4	-2.1	25	30	0.943331	0.00100708	 0.00100021
-2.1	-1.6	25	30	0.946054	0.000673043	 0.000673201
-1.6	-1.2	25	30	0.98125	0.000423021	 0.000423495
-1.2	-0.8	25	30	0.95731	0.000618773	 0.000620631
-0.8	-0.3	25	30	0.958281	0.000488707	 0.000490829
-0.3	-0.2	25	30	0.824263	0.00204038	 0.00203336
-0.2	0.2	25	30	0.943041	0.000577719	 0.000579702
0.2	0.3	25	30	0.8613	0.00189636	 0.0018751
0.3	0.8	25	30	0.959372	0.000480314	 0.000481842
0.8	1.2	25	30	0.954419	0.000631132	 0.000630883
1.2	1.6	25	30	0.974957	0.000490409	 0.000492075
1.6	2.1	25	30	0.949538	0.000629655	 0.000629944
2.1	2.4	25	30	0.939371	0.00102288	 0.00102945
-2.4	-2.1	30	40	0.94657	0.000514113	 0.000517996
-2.1	-1.6	30	40	0.946426	0.000346606	 0.000345786
-1.6	-1.2	30	40	0.980519	0.000216646	 0.000215919
-1.2	-0.8	30	40	0.954919	0.000297132	 0.000295834
-0.8	-0.3	30	40	0.956357	0.000235753	 0.000235697
-0.3	-0.2	30	40	0.828312	0.00100514	 0.00100486
-0.2	0.2	30	40	0.941233	0.000294407	 0.000293796
0.2	0.3	30	40	0.861787	0.000922148	 0.000923067
0.3	0.8	30	40	0.959301	0.000227825	 0.000227664
0.8	1.2	30	40	0.952707	0.00030253	 0.000302599
1.2	1.6	30	40	0.974555	0.000249753	 0.000249633
1.6	2.1	30	40	0.947639	0.000341212	 0.000341189
2.1	2.4	30	40	0.943001	0.000533823	 0.000539311
-2.4	-2.1	40	60	0.946751	0.000442069	 0.000441634
-2.1	-1.6	40	60	0.945668	0.00027218	 0.000272475
-1.6	-1.2	40	60	0.980642	0.000160347	 0.000160558
-1.2	-0.8	40	60	0.954068	0.000218666	 0.0011775
-0.8	-0.3	40	60	0.955976	0.000192145	 0.000191601
-0.3	-0.2	40	60	0.825628	0.000806771	 0.000808132
-0.2	0.2	40	60	0.940714	0.00024567	 0.000246038
0.2	0.3	40	60	0.861958	0.000776373	 0.000773937
0.3	0.8	40	60	0.957922	0.000186172	 0.00018576
0.8	1.2	40	60	0.95236	0.000229275	 0.000228336
1.2	1.6	40	60	0.973699	0.000186456	 0.000185931
1.6	2.1	40	60	0.947701	0.000256079	 0.000256079
2.1	2.4	40	60	0.944096	0.000453467	 0.000453932
-2.4	-2.1	60	100	0.949282	0.00163608	 0.00166193
-2.1	-1.6	60	100	0.945768	0.000905819	 0.000910114
-1.6	-1.2	60	100	0.980731	0.000528565	 0.000529276
-1.2	-0.8	60	100	0.95311	0.000741726	 0.000757415
-0.8	-0.3	60	100	0.953501	0.000631718	 0.000633272
-0.3	-0.2	60	100	0.817783	0.00277046	 0.00277621
-0.2	0.2	60	100	0.940386	0.000817237	 0.000821232
0.2	0.3	60	100	0.8521	0.00255054	 0.002557
0.3	0.8	60	100	0.955571	0.000612821	 0.000611503
0.8	1.2	60	100	0.95199	0.000773497	 0.000776838
1.2	1.6	60	100	0.974207	0.000597726	 0.000603181
1.6	2.1	60	100	0.948678	0.00090581	 0.000909281
2.1	2.4	60	100	0.942978	0.00169878	 0.00171566
-2.4	-2.1	100	200	0.953458	0.00852935	 0.00872715
-2.1	-1.6	100	200	0.95275	0.00372898	 0.00383626
-1.6	-1.2	100	200	0.98255	0.00191312	 0.00198561
-1.2	-0.8	100	200	0.946753	0.00271998	 0.00279157
-0.8	-0.3	100	200	0.947191	0.00208667	 0.00214448
-0.3	-0.2	100	200	0.828412	0.00820492	 0.00829137
-0.2	0.2	100	200	0.93708	0.00249726	 0.0024894
0.2	0.3	100	200	0.858613	0.00735915	 0.00847069
0.3	0.8	100	200	0.954054	0.00189367	 0.00194002
0.8	1.2	100	200	0.940064	0.00295903	 0.00300224
1.2	1.6	100	200	0.971639	0.00259354	 0.00267184
1.6	2.1	100	200	0.943798	0.00387027	 0.00400624
2.1	2.4	100	200	0.948547	0.00908053	 0.00949961
