etamin	etamax	ptmin	ptmax	eff	deff_high	deff_low
-2.4	-2.1	10	13	0.771748	0.0060677	 0.00617754
-2.1	-1.6	10	13	0.780231	0.00440025	 0.00446361
-1.6	-1.2	10	13	0.735518	0.00519317	 0.00522021
-1.2	-0.8	10	13	0.681591	0.0060688	 0.00612145
-0.8	-0.3	10	13	0.639071	0.00664363	 0.00664375
-0.3	-0.2	10	13	0.603098	0.0181439	 0.0181279
-0.2	0.2	10	13	0.573857	0.00911064	 0.00912745
0.2	0.3	10	13	0.608219	0.0192147	 0.0192579
0.3	0.8	10	13	0.641144	0.00674636	 0.00678365
0.8	1.2	10	13	0.682123	0.0058264	 0.00585804
1.2	1.6	10	13	0.73078	0.00550718	 0.00559852
1.6	2.1	10	13	0.766572	0.00446284	 0.00449964
2.1	2.4	10	13	0.763445	0.00625142	 0.00623505
-2.4	-2.1	13	16	0.822644	0.00440918	 0.00448167
-2.1	-1.6	13	16	0.823084	0.00328602	 0.00330707
-1.6	-1.2	13	16	0.775185	0.00400777	 0.00404867
-1.2	-0.8	13	16	0.748268	0.00425005	 0.00425997
-0.8	-0.3	13	16	0.704126	0.00428445	 0.00429547
-0.3	-0.2	13	16	0.671504	0.0116812	 0.0117598
-0.2	0.2	13	16	0.659964	0.00574121	 0.0057771
0.2	0.3	13	16	0.645979	0.012452	 0.0127202
0.3	0.8	13	16	0.701545	0.00434255	 0.00436563
0.8	1.2	13	16	0.729491	0.00427776	 0.00429717
1.2	1.6	13	16	0.779555	0.00394641	 0.00398828
1.6	2.1	13	16	0.813438	0.00334597	 0.00336667
2.1	2.4	13	16	0.807934	0.00457717	 0.00461555
-2.4	-2.1	16	20	0.865279	0.00280782	 0.00282201
-2.1	-1.6	16	20	0.860575	0.00206495	 0.00207562
-1.6	-1.2	16	20	0.831202	0.00245211	 0.00246772
-1.2	-0.8	16	20	0.792046	0.00266384	 0.00267998
-0.8	-0.3	16	20	0.761195	0.00249087	 0.00249771
-0.3	-0.2	16	20	0.732828	0.00644138	 0.00648864
-0.2	0.2	16	20	0.723671	0.00319414	 0.00320932
0.2	0.3	16	20	0.72756	0.00668402	 0.00682276
0.3	0.8	16	20	0.766931	0.0024848	 0.00248215
0.8	1.2	16	20	0.793505	0.00266101	 0.00267334
1.2	1.6	16	20	0.822061	0.0024856	 0.00250019
1.6	2.1	16	20	0.853094	0.00211248	 0.00212204
2.1	2.4	16	20	0.861967	0.00285395	 0.00286639
-2.4	-2.1	20	25	0.906136	0.0017041	 0.00172279
-2.1	-1.6	20	25	0.903059	0.00122695	 0.00123603
-1.6	-1.2	20	25	0.877582	0.00147292	 0.00148906
-1.2	-0.8	20	25	0.848385	0.00158049	 0.00158436
-0.8	-0.3	20	25	0.823495	0.00144901	 0.00144673
-0.3	-0.2	20	25	0.8057	0.00373884	 0.00372595
-0.2	0.2	20	25	0.800946	0.00167464	 0.0016725
0.2	0.3	20	25	0.805689	0.00352477	 0.00354334
0.3	0.8	20	25	0.822804	0.00144661	 0.00145683
0.8	1.2	20	25	0.846705	0.00160151	 0.00160681
1.2	1.6	20	25	0.875356	0.00148116	 0.00147981
1.6	2.1	20	25	0.898852	0.00125996	 0.00126421
2.1	2.4	20	25	0.897997	0.00176175	 0.00177965
-2.4	-2.1	25	30	0.937654	0.00118803	 0.00118595
-2.1	-1.6	25	30	0.935816	0.000830149	 0.000830636
-1.6	-1.2	25	30	0.916263	0.000991688	 0.000990561
-1.2	-0.8	25	30	0.895102	0.00106253	 0.00107267
-0.8	-0.3	25	30	0.876356	0.000926145	 0.000924032
-0.3	-0.2	25	30	0.866032	0.00209656	 0.00210027
-0.2	0.2	25	30	0.867318	0.000945858	 0.000932043
0.2	0.3	25	30	0.868884	0.00203621	 0.00205071
0.3	0.8	25	30	0.877423	0.000935683	 0.000930729
0.8	1.2	25	30	0.892762	0.00107678	 0.0010762
1.2	1.6	25	30	0.916522	0.00100116	 0.0010049
1.6	2.1	25	30	0.933457	0.000834751	 0.000837416
2.1	2.4	25	30	0.932818	0.00117422	 0.00118316
-2.4	-2.1	30	40	0.967573	0.000463351	 0.000460463
-2.1	-1.6	30	40	0.965223	0.000337194	 0.000331609
-1.6	-1.2	30	40	0.954327	0.000387204	 0.00038978
-1.2	-0.8	30	40	0.942898	0.000388845	 0.000390802
-0.8	-0.3	30	40	0.933439	0.000334617	 0.000331191
-0.3	-0.2	30	40	0.925441	0.000795929	 0.000795313
-0.2	0.2	30	40	0.922333	0.00038143	 0.000381317
0.2	0.3	30	40	0.92554	0.000798208	 0.000801992
0.3	0.8	30	40	0.933785	0.000330599	 0.000331411
0.8	1.2	30	40	0.942546	0.000392124	 0.000388365
1.2	1.6	30	40	0.952318	0.000394468	 0.000397415
1.6	2.1	30	40	0.964446	0.000334912	 0.000337541
2.1	2.4	30	40	0.964623	0.000475905	 0.000480335
-2.4	-2.1	40	60	0.986906	0.000241682	 0.000244164
-2.1	-1.6	40	60	0.987542	0.000148432	 0.000149438
-1.6	-1.2	40	60	0.983083	0.000167238	 0.000168526
-1.2	-0.8	40	60	0.977283	0.00018371	 0.0001845
-0.8	-0.3	40	60	0.970712	0.000178402	 0.000178555
-0.3	-0.2	40	60	0.965784	0.000449358	 0.00045376
-0.2	0.2	40	60	0.964573	0.000216604	 0.000216988
0.2	0.3	40	60	0.966137	0.000448721	 0.000451318
0.3	0.8	40	60	0.971344	0.000177435	 0.000177149
0.8	1.2	40	60	0.977232	0.000185307	 0.000186061
1.2	1.6	40	60	0.982174	0.000172377	 0.000172905
1.6	2.1	40	60	0.986861	0.000151756	 0.000152541
2.1	2.4	40	60	0.985977	0.000248748	 0.000251313
-2.4	-2.1	60	100	0.99319	0.000633883	 0.000657849
-2.1	-1.6	60	100	0.993077	0.000386787	 0.000396586
-1.6	-1.2	60	100	0.989848	0.000444745	 0.000454469
-1.2	-0.8	60	100	0.989163	0.000445612	 0.00045401
-0.8	-0.3	60	100	0.985478	0.000427902	 0.000434528
-0.3	-0.2	60	100	0.984858	0.00104785	 0.00107786
-0.2	0.2	60	100	0.984652	0.000489917	 0.000496852
0.2	0.3	60	100	0.986097	0.000994017	 0.0010323
0.3	0.8	60	100	0.986511	0.000412928	 0.000420883
0.8	1.2	60	100	0.988322	0.000453187	 0.000461676
1.2	1.6	60	100	0.991735	0.000418318	 0.000427738
1.6	2.1	60	100	0.99239	0.000397685	 0.000407495
2.1	2.4	60	100	0.994113	0.000613168	 0.000633053
-2.4	-2.1	100	200	0.994729	0.00199104	 0.00221459
-2.1	-1.6	100	200	0.991887	0.00129998	 0.0014072
-1.6	-1.2	100	200	0.991481	0.00135241	 0.00145876
-1.2	-0.8	100	200	0.991147	0.0012267	 0.00130566
-0.8	-0.3	100	200	0.991677	0.00101846	 0.00107315
-0.3	-0.2	100	200	0.99163	0.00128339	 0.00134495
-0.2	0.2	100	200	0.987999	0.00128339	 0.00134495
0.2	0.3	100	200	0.98897	0.00293555	 0.00308377
0.3	0.8	100	200	0.992726	0.00102435	 0.00108734
0.8	1.2	100	200	0.991793	0.00113904	 0.00121734
1.2	1.6	100	200	0.990338	0.00130038	 0.00138576
1.6	2.1	100	200	0.994154	0.00119556	 0.00129219
2.1	2.4	100	200	0.989538	0.00187509	 0.00213136
