etamin	etamax	ptmin	ptmax	eff	deff_high	deff_low
-2.4	-2.1	10	13	0.756266	0.00588414	 0.00591943
-2.1	-1.6	10	13	0.751652	0.0045415	 0.00452423
-1.6	-1.2	10	13	0.724655	8.87161e-05	 8.87161e-05
-1.2	-0.8	10	13	0.673937	0.00582537	 0.00587763
-0.8	-0.3	10	13	0.627569	0.00649452	 0.0065464
-0.3	-0.2	10	13	0.577382	0.0179279	 0.0178352
-0.2	0.2	10	13	0.599872	0.00918414	 0.00918954
0.2	0.3	10	13	0.601399	0.0187273	 0.0186992
0.3	0.8	10	13	0.646544	0.00631175	 0.00632394
0.8	1.2	10	13	0.670529	0.0058165	 0.00584695
1.2	1.6	10	13	0.712263	0.00529171	 0.0053232
1.6	2.1	10	13	0.751901	0.00442483	 0.00444877
2.1	2.4	10	13	0.750603	0.00601052	 0.00608727
-2.4	-2.1	13	16	0.793883	0.00460902	 0.00464363
-2.1	-1.6	13	16	0.801842	0.00331651	 0.00334537
-1.6	-1.2	13	16	0.776174	0.00387416	 0.00390879
-1.2	-0.8	13	16	0.735928	0.00414252	 0.00417314
-0.8	-0.3	13	16	0.693491	0.00418444	 0.0041826
-0.3	-0.2	13	16	0.68061	0.0113895	 0.0115553
-0.2	0.2	13	16	0.662506	0.00559617	 0.00561175
0.2	0.3	13	16	0.660269	0.0115194	 0.0115989
0.3	0.8	13	16	0.706011	0.00407781	 0.0041034
0.8	1.2	13	16	0.733138	0.00414696	 0.00421067
1.2	1.6	13	16	0.773446	0.0038338	 0.0038406
1.6	2.1	13	16	0.795969	0.00332876	 0.00335513
2.1	2.4	13	16	0.785407	0.00477954	 0.0047435
-2.4	-2.1	16	20	0.84248	0.00293472	 0.00296908
-2.1	-1.6	16	20	0.847069	0.00205228	 0.00206365
-1.6	-1.2	16	20	0.821715	0.0024278	 0.00243862
-1.2	-0.8	16	20	0.789492	0.00259756	 0.00260914
-0.8	-0.3	16	20	0.754945	0.00240912	 0.00241145
-0.3	-0.2	16	20	0.733513	0.00619114	 0.00624673
-0.2	0.2	16	20	0.722592	0.0031045	 0.00311983
0.2	0.3	16	20	0.739846	0.00658365	 0.00670535
0.3	0.8	16	20	0.759087	0.00240102	 0.00240966
0.8	1.2	16	20	0.786958	0.00260943	 0.00261157
1.2	1.6	16	20	0.825456	0.00237432	 0.00238868
1.6	2.1	16	20	0.845632	0.00207862	 0.00209174
2.1	2.4	16	20	0.829724	0.00297795	 0.00299711
-2.4	-2.1	20	25	0.886931	0.00188909	 0.00191463
-2.1	-1.6	20	25	0.892543	0.00122698	 0.00124014
-1.6	-1.2	20	25	0.873876	0.00142875	 0.00144028
-1.2	-0.8	20	25	0.844756	0.00154069	 0.00155285
-0.8	-0.3	20	25	0.82412	0.00138686	 0.00139211
-0.3	-0.2	20	25	0.808701	0.00335716	 0.00339646
-0.2	0.2	20	25	0.804472	0.00164243	 0.00163246
0.2	0.3	20	25	0.807862	0.00349192	 0.00352701
0.3	0.8	20	25	0.82373	0.00140886	 0.00141577
0.8	1.2	20	25	0.846914	0.00153026	 0.00153776
1.2	1.6	20	25	0.871018	0.00146373	 0.00147311
1.6	2.1	20	25	0.891683	0.00124807	 0.00124912
2.1	2.4	20	25	0.884549	0.00180928	 0.00182425
-2.4	-2.1	25	30	0.924766	0.0012042	 0.00121422
-2.1	-1.6	25	30	0.929161	0.000846873	 0.000844237
-1.6	-1.2	25	30	0.914272	0.000983975	 0.000983333
-1.2	-0.8	25	30	0.89189	0.00105378	 0.00105217
-0.8	-0.3	25	30	0.876016	0.000894034	 0.000894849
-0.3	-0.2	25	30	0.868433	0.00199012	 0.00200433
-0.2	0.2	25	30	0.869684	0.000908479	 0.000901159
0.2	0.3	25	30	0.871882	0.00194695	 0.00195584
0.3	0.8	25	30	0.87969	0.000879617	 0.000872984
0.8	1.2	25	30	0.893421	0.00104072	 0.00104364
1.2	1.6	25	30	0.912093	0.000993023	 0.000985897
1.6	2.1	25	30	0.926345	0.000842509	 0.000843106
2.1	2.4	25	30	0.922616	0.00121834	 0.00122046
-2.4	-2.1	30	40	0.960171	0.000489679	 0.000492244
-2.1	-1.6	30	40	0.9612	0.00034154	 0.000339072
-1.6	-1.2	30	40	0.952705	0.000379855	 0.00038259
-1.2	-0.8	30	40	0.941812	0.000378671	 0.00038073
-0.8	-0.3	30	40	0.932139	0.000321823	 0.000319404
-0.3	-0.2	30	40	0.926345	0.000754144	 0.000751223
-0.2	0.2	30	40	0.925804	0.000357155	 0.000357881
0.2	0.3	30	40	0.928507	0.00075087	 0.000751093
0.3	0.8	30	40	0.934889	0.000314617	 0.000315276
0.8	1.2	30	40	0.94248	0.000375889	 0.00037743
1.2	1.6	30	40	0.951446	0.000386229	 0.000388032
1.6	2.1	30	40	0.960616	0.00033833	 0.000340762
2.1	2.4	30	40	0.957426	0.000501351	 0.00050399
-2.4	-2.1	40	60	0.983587	0.000264013	 0.000265507
-2.1	-1.6	40	60	0.985385	0.000155121	 0.000155491
-1.6	-1.2	40	60	0.982232	0.00016661	 0.000167005
-1.2	-0.8	40	60	0.976725	0.000179711	 0.000180073
-0.8	-0.3	40	60	0.97118	0.00016964	 0.000169706
-0.3	-0.2	40	60	0.966	0.000429359	 0.000430565
-0.2	0.2	40	60	0.96591	0.000203098	 0.000203915
0.2	0.3	40	60	0.967893	0.000422332	 0.00042508
0.3	0.8	40	60	0.971965	0.000166752	 0.000167489
0.8	1.2	40	60	0.97679	0.000178872	 0.000179659
1.2	1.6	40	60	0.981577	0.000168801	 0.000170335
1.6	2.1	40	60	0.985147	0.000155261	 0.000156037
2.1	2.4	40	60	0.982802	0.000269571	 0.000271805
-2.4	-2.1	60	100	0.992702	0.00067595	 0.000696144
-2.1	-1.6	60	100	0.992896	0.000376813	 0.000385729
-1.6	-1.2	60	100	0.990486	0.000423042	 0.00043225
-1.2	-0.8	60	100	0.988057	0.000441728	 0.000449646
-0.8	-0.3	60	100	0.985566	0.000410402	 0.000416415
-0.3	-0.2	60	100	0.984507	0.00098954	 0.00102596
-0.2	0.2	60	100	0.984669	0.000470055	 0.000476614
0.2	0.3	60	100	0.98446	0.000992767	 0.00103152
0.3	0.8	60	100	0.986973	0.000391959	 0.00039761
0.8	1.2	60	100	0.988585	0.000432135	 0.000440615
1.2	1.6	60	100	0.990343	0.000422564	 0.000430977
1.6	2.1	60	100	0.991835	0.000404237	 0.000411366
2.1	2.4	60	100	0.992865	0.000661091	 0.000680148
-2.4	-2.1	100	200	0.992412	0.00224164	 0.00248931
-2.1	-1.6	100	200	0.990688	0.00141423	 0.00150772
-1.6	-1.2	100	200	0.994954	0.00108116	 0.00116479
-1.2	-0.8	100	200	0.989964	0.00119435	 0.00126408
-0.8	-0.3	100	200	0.989286	0.00102898	 0.00106923
-0.3	-0.2	100	200	0.99306	0.00217983	 0.00244014
-0.2	0.2	100	200	0.990226	0.00116934	 0.0012327
0.2	0.3	100	200	0.987954	0.00262507	 0.00291073
0.3	0.8	100	200	0.992049	0.000944212	 0.000994293
0.8	1.2	100	200	0.991724	0.00115932	 0.0012341
1.2	1.6	100	200	0.993545	0.00115254	 0.00123089
1.6	2.1	100	200	0.993106	0.00115101	 0.00123856
2.1	2.4	100	200	0.992063	0.00239817	 0.0025755
