etamin	etamax	ptmin	ptmax	eff	deff_high	deff_low
-2.4	-2.1	10	13	0.788102	0.0124039	 0.0126117
-2.1	-1.6	10	13	0.78274	0.021699	 0.00875911
-1.6	-1.2	10	13	0.753364	0.0119289	 0.0119621
-1.2	-0.8	10	13	0.67332	0.0119289	 0.0119621
-0.8	-0.3	10	13	0.658673	0.013286	 0.0131775
-0.3	-0.2	10	13	0.545307	0.0342156	 0.0345301
-0.2	0.2	10	13	0.579217	0.0180542	 0.0178247
0.2	0.3	10	13	0.585978	0.0337139	 0.0340773
0.3	0.8	10	13	0.658865	0.0132984	 0.0132552
0.8	1.2	10	13	0.677302	0.0129245	 0.0129558
1.2	1.6	10	13	0.747939	0.0100789	 0.0101055
1.6	2.1	10	13	0.80146	0.00922619	 0.00940725
2.1	2.4	10	13	0.785728	0.0123263	 0.0139978
-2.4	-2.1	13	16	0.827624	0.0089309	 0.0090813
-2.1	-1.6	13	16	0.829707	0.00727972	 0.00716524
-1.6	-1.2	13	16	0.791013	0.00857903	 0.00908691
-1.2	-0.8	13	16	0.73316	0.000310845	 0.000310845
-0.8	-0.3	13	16	0.731111	0.00853547	 0.00866924
-0.3	-0.2	13	16	0.662558	0.0247984	 0.0253562
-0.2	0.2	13	16	0.691957	0.0115528	 0.0116263
0.2	0.3	13	16	0.625201	0.0235815	 0.0239289
0.3	0.8	13	16	0.718011	0.00902121	 0.00907514
0.8	1.2	13	16	0.741385	0.00878848	 0.00887418
1.2	1.6	13	16	0.794038	0.00850922	 0.00935117
1.6	2.1	13	16	0.822623	0.00735027	 0.00747353
2.1	2.4	13	16	0.834722	0.00932065	 0.00954633
-2.4	-2.1	16	20	0.88246	0.00582181	 0.0059655
-2.1	-1.6	16	20	0.867347	0.00464176	 0.00469168
-1.6	-1.2	16	20	0.826481	0.00538751	 0.00540388
-1.2	-0.8	16	20	0.804583	0.00582993	 0.00589357
-0.8	-0.3	16	20	0.785303	0.00492909	 0.00494228
-0.3	-0.2	16	20	0.743664	0.0131152	 0.0130909
-0.2	0.2	16	20	0.743508	0.00644042	 0.00640815
0.2	0.3	16	20	0.759555	0.0121464	 0.0123049
0.3	0.8	16	20	0.769064	0.00509976	 0.00509457
0.8	1.2	16	20	0.78891	0.00582885	 0.00589897
1.2	1.6	16	20	0.82784	0.00555314	 0.00557565
1.6	2.1	16	20	0.860176	0.00468118	 0.00468733
2.1	2.4	16	20	0.859892	0.00589242	 0.00597772
-2.4	-2.1	20	25	0.915192	0.00365275	 0.00371878
-2.1	-1.6	20	25	0.899476	0.00291819	 0.00289455
-1.6	-1.2	20	25	0.8862	0.00329244	 0.00333178
-1.2	-0.8	20	25	0.851813	0.0034776	 0.00349643
-0.8	-0.3	20	25	0.838676	0.0029683	 0.00298379
-0.3	-0.2	20	25	0.835369	0.0062888	 0.00643065
-0.2	0.2	20	25	0.829556	0.00307495	 0.00308024
0.2	0.3	20	25	0.825021	0.00655821	 0.00661239
0.3	0.8	20	25	0.837896	0.00292445	 0.00295102
0.8	1.2	20	25	0.857296	0.00325132	 0.00326665
1.2	1.6	20	25	0.875342	0.00343328	 0.00342333
1.6	2.1	20	25	0.903093	0.00269715	 0.00270856
2.1	2.4	20	25	0.906676	0.00355011	 0.00357455
-2.4	-2.1	25	30	0.939306	0.00246418	 0.00249778
-2.1	-1.6	25	30	0.9353	0.00181914	 0.0018299
-1.6	-1.2	25	30	0.918033	0.00214679	 0.00215149
-1.2	-0.8	25	30	0.897304	0.00232364	 0.00233402
-0.8	-0.3	25	30	0.888427	0.00184454	 0.00184054
-0.3	-0.2	25	30	0.884799	0.0038739	 0.00390539
-0.2	0.2	25	30	0.88664	0.00182347	 0.00182392
0.2	0.3	25	30	0.886848	0.00410212	 0.00415596
0.3	0.8	25	30	0.88778	0.00185165	 0.00185981
0.8	1.2	25	30	0.89226	0.00231301	 0.00232045
1.2	1.6	25	30	0.916454	0.00222488	 0.00223376
1.6	2.1	25	30	0.933493	0.00179202	 0.00181063
2.1	2.4	25	30	0.938133	0.00243775	 0.0024628
-2.4	-2.1	30	40	0.966396	0.00101405	 0.00101041
-2.1	-1.6	30	40	0.964252	0.000750585	 0.000764119
-1.6	-1.2	30	40	0.956423	0.000854004	 0.000856863
-1.2	-0.8	30	40	0.945532	0.000839557	 0.000844601
-0.8	-0.3	30	40	0.939784	0.000706152	 0.0007041
-0.3	-0.2	30	40	0.936481	0.0016313	 0.00164748
-0.2	0.2	30	40	0.937297	0.000773048	 0.000776016
0.2	0.3	30	40	0.940082	0.00163582	 0.00166281
0.3	0.8	30	40	0.941132	0.000693418	 0.000696644
0.8	1.2	30	40	0.943263	0.000842191	 0.000848667
1.2	1.6	30	40	0.954148	0.000830022	 0.000843786
1.6	2.1	30	40	0.965253	0.000752615	 0.000765907
2.1	2.4	30	40	0.969908	0.00100099	 0.00100777
-2.4	-2.1	40	60	0.987119	0.000506376	 0.000514611
-2.1	-1.6	40	60	0.988629	0.000312049	 0.000314864
-1.6	-1.2	40	60	0.984669	0.000365798	 0.000368199
-1.2	-0.8	40	60	0.979808	0.000399133	 0.000400163
-0.8	-0.3	40	60	0.977063	0.000369907	 0.000371866
-0.3	-0.2	40	60	0.971864	0.000935246	 0.000953946
-0.2	0.2	40	60	0.973787	0.000434756	 0.000438532
0.2	0.3	40	60	0.97381	0.000911307	 0.000928902
0.3	0.8	40	60	0.976127	0.000373239	 0.000376321
0.8	1.2	40	60	0.978905	0.000405959	 0.000409015
1.2	1.6	40	60	0.984527	0.000365359	 0.000368417
1.6	2.1	40	60	0.988043	0.000321299	 0.000324759
2.1	2.4	40	60	0.988168	0.000472968	 0.000481705
-2.4	-2.1	60	100	0.993586	0.00130035	 0.00141257
-2.1	-1.6	60	100	0.994081	0.000819954	 0.000872245
-1.6	-1.2	60	100	0.990223	0.000972182	 0.00102261
-1.2	-0.8	60	100	0.989132	0.0010008	 0.00104853
-0.8	-0.3	60	100	0.987751	0.000930543	 0.000965918
-0.3	-0.2	60	100	0.983796	0.00247324	 0.00267393
-0.2	0.2	60	100	0.985675	0.00111043	 0.00115941
0.2	0.3	60	100	0.989789	0.00206924	 0.00229862
0.3	0.8	60	100	0.987034	0.000950011	 0.000978125
0.8	1.2	60	100	0.988296	0.00107945	 0.00113848
1.2	1.6	60	100	0.99084	0.000943945	 0.00099598
1.6	2.1	60	100	0.992462	0.000885792	 0.000935483
2.1	2.4	60	100	0.992716	0.0012783	 0.00138942
-2.4	-2.1	100	200	0.986486	0.00443079	 0.00565489
-2.1	-1.6	100	200	0.991324	0.00319354	 0.0035692
-1.6	-1.2	100	200	0.988939	0.00272783	 0.0031657
-1.2	-0.8	100	200	0.984935	0.00733601	 0.00916026
-0.8	-0.3	100	200	0.989581	0.0024564	 0.00280085
-0.3	-0.2	100	200	0.998902	0.00109793	 0.00536863
-0.2	0.2	100	200	0.98	0.00414808	 0.00453494
0.2	0.3	100	200	0.985182	0.00646948	 0.00841521
0.3	0.8	100	200	0.983161	0.00313538	 0.00348096
0.8	1.2	100	200	0.991149	0.00289678	 0.00339248
1.2	1.6	100	200	0.994157	0.00271107	 0.00316781
1.6	2.1	100	200	0.99412	0.00222093	 0.0027159
2.1	2.4	100	200	0.98474	0.00496438	 0.00634504
