etamin	etamax	ptmin	ptmax	eff	deff_high	deff_low
-2.4	-2.1	10	13	0.79352	0.0126459	 0.0128556
-2.1	-1.6	10	13	0.784957	0.0109598	 0.0090314
-1.6	-1.2	10	13	0.754891	0.0110734	 0.0113549
-1.2	-0.8	10	13	0.674498	0.0119305	 0.0119709
-0.8	-0.3	10	13	0.658571	0.0131008	 0.0129904
-0.3	-0.2	10	13	0.547171	0.0343145	 0.0344422
-0.2	0.2	10	13	0.582105	0.0181674	 0.0180594
0.2	0.3	10	13	0.592562	0.034142	 0.0343805
0.3	0.8	10	13	0.660087	0.013476	 0.0133435
0.8	1.2	10	13	0.68331	0.0128492	 0.0129353
1.2	1.6	10	13	0.749537	0.00990212	 0.0100654
1.6	2.1	10	13	0.802646	0.00930469	 0.009528
2.1	2.4	10	13	0.787561	0.0121236	 0.0120398
-2.4	-2.1	13	16	0.82716	0.00908843	 0.00933876
-2.1	-1.6	13	16	0.830358	0.00717683	 0.00718881
-1.6	-1.2	13	16	0.793124	0.00854133	 0.00899056
-1.2	-0.8	13	16	0.735784	0.00849834	 0.00849834
-0.8	-0.3	13	16	0.733307	0.00852948	 0.00859101
-0.3	-0.2	13	16	0.6593	0.0249994	 0.0252566
-0.2	0.2	13	16	0.694557	0.0116036	 0.0116779
0.2	0.3	13	16	0.629362	0.0227722	 0.023347
0.3	0.8	13	16	0.716603	0.00911	 0.00917797
0.8	1.2	13	16	0.740293	0.00862804	 0.00870183
1.2	1.6	13	16	0.795221	0.0083849	 0.00864093
1.6	2.1	13	16	0.822957	0.00726545	 0.00734657
2.1	2.4	13	16	0.833654	0.00961428	 0.00981634
-2.4	-2.1	16	20	0.883162	0.00582574	 0.00596899
-2.1	-1.6	16	20	0.867909	0.00453715	 0.00457627
-1.6	-1.2	16	20	0.827499	0.00542421	 0.00532648
-1.2	-0.8	16	20	0.805329	0.00581738	 0.00585408
-0.8	-0.3	16	20	0.786098	0.00495725	 0.0049955
-0.3	-0.2	16	20	0.747285	0.0132149	 0.0132864
-0.2	0.2	16	20	0.744847	0.00635881	 0.00636055
0.2	0.3	16	20	0.759592	0.0122116	 0.0123414
0.3	0.8	16	20	0.769142	0.00512017	 0.00507185
0.8	1.2	16	20	0.788685	0.00585964	 0.00592547
1.2	1.6	16	20	0.8267	0.00554461	 0.00559676
1.6	2.1	16	20	0.859051	0.00461829	 0.00466421
2.1	2.4	16	20	0.859986	0.00596547	 0.00601126
-2.4	-2.1	20	25	0.915469	0.00371891	 0.0037843
-2.1	-1.6	20	25	0.899115	0.00287049	 0.00288275
-1.6	-1.2	20	25	0.886794	0.00329505	 0.00334333
-1.2	-0.8	20	25	0.853307	0.00348265	 0.00350715
-0.8	-0.3	20	25	0.839507	0.00298441	 0.00298327
-0.3	-0.2	20	25	0.836696	0.0063005	 0.00640195
-0.2	0.2	20	25	0.829702	0.00307738	 0.00308692
0.2	0.3	20	25	0.824731	0.00656947	 0.00663701
0.3	0.8	20	25	0.838062	0.00293301	 0.00296306
0.8	1.2	20	25	0.857764	0.00325073	 0.003245
1.2	1.6	20	25	0.875778	0.00341748	 0.00341635
1.6	2.1	20	25	0.903382	0.00270026	 0.00269991
2.1	2.4	20	25	0.905166	0.00360665	 0.00363615
-2.4	-2.1	25	30	0.940168	0.00248807	 0.00252964
-2.1	-1.6	25	30	0.935418	0.00181841	 0.0018359
-1.6	-1.2	25	30	0.917959	0.00213578	 0.00214928
-1.2	-0.8	25	30	0.898284	0.00231169	 0.0023319
-0.8	-0.3	25	30	0.888875	0.00184471	 0.00184653
-0.3	-0.2	25	30	0.884918	0.00386404	 0.00389762
-0.2	0.2	25	30	0.887517	0.00181972	 0.00182202
0.2	0.3	25	30	0.887954	0.00411254	 0.00416989
0.3	0.8	25	30	0.88812	0.00185898	 0.00186356
0.8	1.2	25	30	0.892623	0.00229299	 0.00232223
1.2	1.6	25	30	0.916991	0.0022006	 0.00224404
1.6	2.1	25	30	0.933442	0.00179601	 0.00181623
2.1	2.4	25	30	0.938224	0.00245572	 0.00248788
-2.4	-2.1	30	40	0.966772	0.00101444	 0.00101677
-2.1	-1.6	30	40	0.964289	0.000751796	 0.000765738
-1.6	-1.2	30	40	0.956619	0.000854592	 0.000858904
-1.2	-0.8	30	40	0.945651	0.000839703	 0.000844304
-0.8	-0.3	30	40	0.940244	0.000706998	 0.000703468
-0.3	-0.2	30	40	0.937206	0.00163011	 0.00164434
-0.2	0.2	30	40	0.937802	0.000769428	 0.000773926
0.2	0.3	30	40	0.940684	0.00163331	 0.00165539
0.3	0.8	30	40	0.941272	0.000693938	 0.000697148
0.8	1.2	30	40	0.943592	0.000843943	 0.000845961
1.2	1.6	30	40	0.954423	0.000831649	 0.000845518
1.6	2.1	30	40	0.965402	0.000758587	 0.000766928
2.1	2.4	30	40	0.97018	0.00101109	 0.00101556
-2.4	-2.1	40	60	0.987177	0.000510455	 0.000517965
-2.1	-1.6	40	60	0.98866	0.000311907	 0.000316063
-1.6	-1.2	40	60	0.984843	0.000364726	 0.00036753
-1.2	-0.8	40	60	0.980148	0.000395628	 0.000398316
-0.8	-0.3	40	60	0.977308	0.000368071	 0.000370607
-0.3	-0.2	40	60	0.972369	0.000932248	 0.000947446
-0.2	0.2	40	60	0.973935	0.000433995	 0.000437859
0.2	0.3	40	60	0.973963	0.000912371	 0.000930237
0.3	0.8	40	60	0.976405	0.000371673	 0.000374823
0.8	1.2	40	60	0.979058	0.000404311	 0.000407455
1.2	1.6	40	60	0.984746	0.00036388	 0.000366334
1.6	2.1	40	60	0.988063	0.000323086	 0.0003251
2.1	2.4	40	60	0.988337	0.00047457	 0.000484218
-2.4	-2.1	60	100	0.993026	0.00135325	 0.00146692
-2.1	-1.6	60	100	0.994237	0.000813422	 0.00086433
-1.6	-1.2	60	100	0.990234	0.000971493	 0.00102267
-1.2	-0.8	60	100	0.989037	0.00100597	 0.00105026
-0.8	-0.3	60	100	0.987664	0.000938623	 0.000974432
-0.3	-0.2	60	100	0.983245	0.00249367	 0.0026825
-0.2	0.2	60	100	0.985837	0.00110875	 0.0011532
0.2	0.3	60	100	0.989427	0.00240794	 0.00240794
0.3	0.8	60	100	0.987229	0.00094406	 0.000980892
0.8	1.2	60	100	0.988553	0.00107381	 0.00112819
1.2	1.6	60	100	0.990809	0.000951956	 0.000991281
1.6	2.1	60	100	0.992567	0.000883195	 0.000932119
2.1	2.4	60	100	0.992832	0.00128504	 0.00139413
-2.4	-2.1	100	200	0.987036	0.00435218	 0.00559482
-2.1	-1.6	100	200	0.991324	0.00320513	 0.00357849
-1.6	-1.2	100	200	0.989503	0.00266581	 0.00310082
-1.2	-0.8	100	200	0.984762	0.00382284	 0.00424686
-0.8	-0.3	100	200	0.989107	0.00250116	 0.00284533
-0.3	-0.2	100	200	0.999602	0.00039836	 0.00511409
-0.2	0.2	100	200	0.980043	0.00414861	 0.00451842
0.2	0.3	100	200	0.982023	0.00713485	 0.00909202
0.3	0.8	100	200	0.983218	0.00312383	 0.00347354
0.8	1.2	100	200	0.991744	0.00290909	 0.00344827
1.2	1.6	100	200	0.994301	0.00270915	 0.00317299
1.6	2.1	100	200	0.99433	0.00218228	 0.00267574
2.1	2.4	100	200	0.985327	0.00761481	 0.00822917
