etamin	etamax	ptmin	ptmax	eff	deff_high	deff_low
-2.4	-2.1	10	13	0.79399	0.0151432	 0.0130033
-2.1	-1.6	10	13	0.78494	0.0120025	 0.00900247
-1.6	-1.2	10	13	0.759141	0.0111366	 0.0113745
-1.2	-0.8	10	13	0.674297	0.0119669	 0.0119998
-0.8	-0.3	10	13	0.6597	0.0131076	 0.0129839
-0.3	-0.2	10	13	0.547171	0.0343145	 0.0344422
-0.2	0.2	10	13	0.583964	0.0183403	 0.0180923
0.2	0.3	10	13	0.592562	0.034142	 0.0343805
0.3	0.8	10	13	0.660053	0.013452	 0.0134355
0.8	1.2	10	13	0.684547	0.0128967	 0.0129733
1.2	1.6	10	13	0.749655	0.0100218	 0.0101044
1.6	2.1	10	13	0.802972	0.00934836	 0.00955752
2.1	2.4	10	13	0.785384	0.0123297	 0.0120685
-2.4	-2.1	13	16	0.82434	0.00925634	 0.00935591
-2.1	-1.6	13	16	0.83005	0.00727087	 0.00729418
-1.6	-1.2	13	16	0.794337	0.00851824	 0.00887247
-1.2	-0.8	13	16	0.736569	0.00872341	 0.00845869
-0.8	-0.3	13	16	0.732824	0.00854618	 0.00860392
-0.3	-0.2	13	16	0.660651	0.0249391	 0.0251564
-0.2	0.2	13	16	0.695737	0.0116068	 0.0116784
0.2	0.3	13	16	0.6303	0.0227944	 0.0234142
0.3	0.8	13	16	0.716548	0.00911492	 0.00917405
0.8	1.2	13	16	0.739924	0.00862824	 0.00871548
1.2	1.6	13	16	0.795329	0.00835707	 0.00855214
1.6	2.1	13	16	0.822642	0.00736572	 0.00736047
2.1	2.4	13	16	0.834566	0.00962117	 0.00986613
-2.4	-2.1	16	20	0.883611	0.00582796	 0.00598453
-2.1	-1.6	16	20	0.867941	0.00457176	 0.00457892
-1.6	-1.2	16	20	0.828348	0.00532241	 0.00535377
-1.2	-0.8	16	20	0.804849	0.00580875	 0.00585682
-0.8	-0.3	16	20	0.78587	0.00495053	 0.00498303
-0.3	-0.2	16	20	0.74729	0.0131317	 0.0131918
-0.2	0.2	16	20	0.745197	0.00635422	 0.00632419
0.2	0.3	16	20	0.759168	0.0122272	 0.0123564
0.3	0.8	16	20	0.769434	0.00509569	 0.00509387
0.8	1.2	16	20	0.788617	0.00585754	 0.00589175
1.2	1.6	16	20	0.826584	0.0055407	 0.00559227
1.6	2.1	16	20	0.858543	0.00464231	 0.00469313
2.1	2.4	16	20	0.859414	0.00599176	 0.00605297
-2.4	-2.1	20	25	0.91468	0.00374923	 0.00379329
-2.1	-1.6	20	25	0.899045	0.00288493	 0.00287443
-1.6	-1.2	20	25	0.886504	0.00329575	 0.00333936
-1.2	-0.8	20	25	0.853085	0.00347804	 0.00350985
-0.8	-0.3	20	25	0.839523	0.00298399	 0.002983
-0.3	-0.2	20	25	0.836394	0.00632969	 0.00639778
-0.2	0.2	20	25	0.829648	0.00307539	 0.00308378
0.2	0.3	20	25	0.82447	0.00657998	 0.00664695
0.3	0.8	20	25	0.83792	0.00293175	 0.00295746
0.8	1.2	20	25	0.857754	0.00323623	 0.00326193
1.2	1.6	20	25	0.876023	0.0034063	 0.00340414
1.6	2.1	20	25	0.903514	0.00268069	 0.00270179
2.1	2.4	20	25	0.905264	0.00359502	 0.00362583
-2.4	-2.1	25	30	0.940159	0.00249584	 0.00253411
-2.1	-1.6	25	30	0.935341	0.00182515	 0.00183406
-1.6	-1.2	25	30	0.917921	0.00213997	 0.00215138
-1.2	-0.8	25	30	0.898243	0.00230617	 0.00232261
-0.8	-0.3	25	30	0.888783	0.00184361	 0.00184904
-0.3	-0.2	25	30	0.884915	0.00386642	 0.00389867
-0.2	0.2	25	30	0.887438	0.00181867	 0.00182168
0.2	0.3	25	30	0.887877	0.00411416	 0.0041654
0.3	0.8	25	30	0.888147	0.0018587	 0.00186484
0.8	1.2	25	30	0.892596	0.00229149	 0.00232694
1.2	1.6	25	30	0.917029	0.00221249	 0.00223337
1.6	2.1	25	30	0.933442	0.00180282	 0.00181795
2.1	2.4	25	30	0.938518	0.00246111	 0.00250032
-2.4	-2.1	30	40	0.966797	0.00101376	 0.00101685
-2.1	-1.6	30	40	0.964317	0.000753713	 0.000765135
-1.6	-1.2	30	40	0.956599	0.00085555	 0.000859445
-1.2	-0.8	30	40	0.945642	0.000839864	 0.000843677
-0.8	-0.3	30	40	0.940233	0.000706347	 0.00070388
-0.3	-0.2	30	40	0.937177	0.00163083	 0.00164496
-0.2	0.2	30	40	0.937815	0.000769213	 0.000773483
0.2	0.3	30	40	0.940638	0.00163593	 0.00165469
0.3	0.8	30	40	0.941274	0.000694916	 0.000696693
0.8	1.2	30	40	0.943566	0.000844369	 0.00084596
1.2	1.6	30	40	0.954449	0.000835298	 0.000840872
1.6	2.1	30	40	0.965364	0.000762135	 0.000762508
2.1	2.4	30	40	0.97024	0.00100935	 0.00101976
-2.4	-2.1	40	60	0.987203	0.000511665	 0.000518664
-2.1	-1.6	40	60	0.988644	0.000312687	 0.000316454
-1.6	-1.2	40	60	0.984848	0.000363156	 0.000369371
-1.2	-0.8	40	60	0.980135	0.000395561	 0.000398938
-0.8	-0.3	40	60	0.977303	0.000368337	 0.000370599
-0.3	-0.2	40	60	0.972396	0.000930368	 0.000948513
-0.2	0.2	40	60	0.97393	0.000433959	 0.000437959
0.2	0.3	40	60	0.973957	0.000910825	 0.000932372
0.3	0.8	40	60	0.97641	0.000372309	 0.000375433
0.8	1.2	40	60	0.979061	0.000404361	 0.000407607
1.2	1.6	40	60	0.984748	0.000363295	 0.000367144
1.6	2.1	40	60	0.988042	0.000322943	 0.000326022
2.1	2.4	40	60	0.98831	0.000476614	 0.000485437
-2.4	-2.1	60	100	0.992998	0.0013588	 0.00147268
-2.1	-1.6	60	100	0.994246	0.000810021	 0.000862445
-1.6	-1.2	60	100	0.990231	0.000971675	 0.00102303
-1.2	-0.8	60	100	0.989032	0.00100636	 0.00105089
-0.8	-0.3	60	100	0.98777	0.000937186	 0.000971257
-0.3	-0.2	60	100	0.983249	0.00248357	 0.00269527
-0.2	0.2	60	100	0.98575	0.00110872	 0.00115821
0.2	0.3	60	100	0.989425	0.00209109	 0.00241
0.3	0.8	60	100	0.987226	0.000943132	 0.000982461
0.8	1.2	60	100	0.988544	0.00107594	 0.00112722
1.2	1.6	60	100	0.990808	0.000946188	 0.000998563
1.6	2.1	60	100	0.992564	0.000883254	 0.000932959
2.1	2.4	60	100	0.992803	0.00128936	 0.00140105
-2.4	-2.1	100	200	0.986994	0.00437005	 0.00562524
-2.1	-1.6	100	200	0.991792	0.00312729	 0.00349594
-1.6	-1.2	100	200	0.989492	0.00266734	 0.00310576
-1.2	-0.8	100	200	0.984762	0.00382284	 0.00424686
-0.8	-0.3	100	200	0.989107	0.00250116	 0.00284533
-0.3	-0.2	100	200	0.999602	0.00039836	 0.00511409
-0.2	0.2	100	200	0.980043	0.00414861	 0.00451842
0.2	0.3	100	200	0.982023	0.00713485	 0.00909202
0.3	0.8	100	200	0.983218	0.00312383	 0.00347354
0.8	1.2	100	200	0.991746	0.00290224	 0.00343637
1.2	1.6	100	200	0.994301	0.00270915	 0.00317299
1.6	2.1	100	200	0.994325	0.00218779	 0.00267246
2.1	2.4	100	200	0.985343	0.00755378	 0.00810274
