etamin	etamax	ptmin	ptmax	eff	deff_high	deff_low
-2.4	-2.1	10	20	0	0	 0
-2.1	-1.6	10	20	0	0	 0
-1.6	-1.2	10	20	0	0	 0
-1.2	-0.8	10	20	0	0	 0
-0.8	-0.3	10	20	0	0	 0
-0.3	-0.2	10	20	0	0	 0
-0.2	0.2	10	20	0	0	 0
0.2	0.3	10	20	0	0	 0
0.3	0.8	10	20	0	0	 0
0.8	1.2	10	20	0	0	 0
1.2	1.6	10	20	0	0	 0
1.6	2.1	10	20	0	0	 0
2.1	2.4	10	20	0	0	 0
-2.4	-2.1	20	21	0	0	 0
-2.1	-1.6	20	21	0	0	 0
-1.6	-1.2	20	21	0	0	 0
-1.2	-0.8	20	21	0	0	 0
-0.8	-0.3	20	21	0	0	 0
-0.3	-0.2	20	21	0	0	 0
-0.2	0.2	20	21	0	0	 0
0.2	0.3	20	21	0	0	 0
0.3	0.8	20	21	0	0	 0
0.8	1.2	20	21	0	0	 0
1.2	1.6	20	21	0	0	 0
1.6	2.1	20	21	0	0	 0
2.1	2.4	20	21	0	0	 0
-2.4	-2.1	21	22	0	0	 0
-2.1	-1.6	21	22	0	0	 0
-1.6	-1.2	21	22	0	0	 0
-1.2	-0.8	21	22	0	0	 0
-0.8	-0.3	21	22	0	0	 0
-0.3	-0.2	21	22	0	0	 0
-0.2	0.2	21	22	0	0	 0
0.2	0.3	21	22	0	0	 0
0.3	0.8	21	22	0	0	 0
0.8	1.2	21	22	0	0	 0
1.2	1.6	21	22	0	0	 0
1.6	2.1	21	22	0	0	 0
2.1	2.4	21	22	0	0	 0
-2.4	-2.1	22	23	0	0	 0
-2.1	-1.6	22	23	0	0	 0
-1.6	-1.2	22	23	0	0	 0
-1.2	-0.8	22	23	0	0	 0
-0.8	-0.3	22	23	0	0	 0
-0.3	-0.2	22	23	0	0	 0
-0.2	0.2	22	23	0	0	 0
0.2	0.3	22	23	0	0	 0
0.3	0.8	22	23	0	0	 0
0.8	1.2	22	23	0	0	 0
1.2	1.6	22	23	0	0	 0
1.6	2.1	22	23	0	0	 0
2.1	2.4	22	23	0	0	 0
-2.4	-2.1	23	24	0.120666	0.0171624	 0.0158534
-2.1	-1.6	23	24	0.0923763	0.0111565	 0.0103893
-1.6	-1.2	23	24	0.058173	0.0102311	 0.00921612
-1.2	-0.8	23	24	0.059815	0.011525	 0.0107309
-0.8	-0.3	23	24	0.0414795	0.00765261	 0.00676194
-0.3	-0.2	23	24	0.0185391	0.0130106	 0.0155767
-0.2	0.2	23	24	0.0529616	0.00923165	 0.00830042
0.2	0.3	23	24	0	0	 0
0.3	0.8	23	24	0.0426903	0.00787316	 0.00702122
0.8	1.2	23	24	0.0462245	0.0101109	 0.00881203
1.2	1.6	23	24	0.0626766	0.0114944	 0.0101703
1.6	2.1	23	24	0.0790415	0.010669	 0.00969054
2.1	2.4	23	24	0.0984736	0.0177755	 0.0167093
-2.4	-2.1	24	25	0.693118	0.0263008	 0.0269304
-2.1	-1.6	24	25	0.736375	0.0166292	 0.016743
-1.6	-1.2	24	25	0.819227	0.0159017	 0.0164011
-1.2	-0.8	24	25	0.794816	0.0181864	 0.0197566
-0.8	-0.3	24	25	0.890462	0.0119573	 0.0124494
-0.3	-0.2	24	25	0.729839	0.0318619	 0.0336792
-0.2	0.2	24	25	0.832791	0.0138905	 0.0138905
0.2	0.3	24	25	0.739807	0.0353171	 0.0376983
0.3	0.8	24	25	0.877416	0.0118689	 0.0123423
0.8	1.2	24	25	0.780942	0.0173213	 0.0174538
1.2	1.6	24	25	0.811286	0.0162976	 0.0167947
1.6	2.1	24	25	0.759519	0.0152674	 0.0157783
2.1	2.4	24	25	0.652943	0.0244695	 0.0248173
-2.4	-2.1	25	26	0.699762	0.0224264	 0.0227119
-2.1	-1.6	25	26	0.779318	0.0157332	 0.0225352
-1.6	-1.2	25	26	0.826107	0.0155415	 0.0160743
-1.2	-0.8	25	26	0.836216	0.0155697	 0.0160705
-0.8	-0.3	25	26	0.914349	0.0106754	 0.0112877
-0.3	-0.2	25	26	0.728547	0.0300165	 0.0315027
-0.2	0.2	25	26	0.851617	0.0131676	 0.0136479
0.2	0.3	25	26	0.806925	0.0286088	 0.0283995
0.3	0.8	25	26	0.912721	0.00936215	 0.00969764
0.8	1.2	25	26	0.796825	0.0153327	 0.0159725
1.2	1.6	25	26	0.815838	0.0162278	 0.0164711
1.6	2.1	25	26	0.794719	0.0150997	 0.015285
2.1	2.4	25	26	0.712132	0.0230486	 0.0238266
-2.4	-2.1	26	30	0.746845	0.0093775	 0.00956343
-2.1	-1.6	26	30	0.814357	0.00702107	 0.00708116
-1.6	-1.2	26	30	0.855042	0.00649672	 0.00652407
-1.2	-0.8	26	30	0.858901	0.00670358	 0.00686645
-0.8	-0.3	26	30	0.937765	0.00366163	 0.00374267
-0.3	-0.2	26	30	0.766081	0.0135682	 0.0136787
-0.2	0.2	26	30	0.888997	0.00440173	 0.00449462
0.2	0.3	26	30	0.838486	0.0119703	 0.0122702
0.3	0.8	26	30	0.939826	0.00360174	 0.00370161
0.8	1.2	26	30	0.864672	0.00620472	 0.00632739
1.2	1.6	26	30	0.851389	0.00617735	 0.00624912
1.6	2.1	26	30	0.832772	0.00643325	 0.00655321
2.1	2.4	26	30	0.74659	0.0104363	 0.0105051
-2.4	-2.1	30	40	0.80991	0.00463793	 0.00466806
-2.1	-1.6	30	40	0.840533	0.00319033	 0.00319501
-1.6	-1.2	30	40	0.894472	0.00278091	 0.00275266
-1.2	-0.8	30	40	0.888124	0.0024874	 0.00247709
-0.8	-0.3	30	40	0.955655	0.00139249	 0.0013906
-0.3	-0.2	30	40	0.785759	0.0061936	 0.0061799
-0.2	0.2	30	40	0.907604	0.00208725	 0.00212338
0.2	0.3	30	40	0.841162	0.00561875	 0.00567631
0.3	0.8	30	40	0.952958	0.00142512	 0.00144649
0.8	1.2	30	40	0.881992	0.00258122	 0.00259054
1.2	1.6	30	40	0.890569	0.00275659	 0.00280256
1.6	2.1	30	40	0.856897	0.00294953	 0.00295021
2.1	2.4	30	40	0.793954	0.00480843	 0.00483662
-2.4	-2.1	40	60	0.832466	0.00392863	 0.00395425
-2.1	-1.6	40	60	0.857377	0.00234123	 0.00234433
-1.6	-1.2	40	60	0.917765	0.00167039	 0.00168258
-1.2	-0.8	40	60	0.888312	0.00194038	 0.00194821
-0.8	-0.3	40	60	0.958581	0.00108663	 0.00109938
-0.3	-0.2	40	60	0.814653	0.00462226	 0.00468523
-0.2	0.2	40	60	0.9141	0.00171583	 0.00172571
0.2	0.3	40	60	0.852994	0.00449662	 0.00452733
0.3	0.8	40	60	0.959599	0.00107709	 0.00109207
0.8	1.2	40	60	0.891674	0.00181598	 0.00183779
1.2	1.6	40	60	0.901761	0.00195339	 0.00197145
1.6	2.1	40	60	0.876375	0.00215108	 0.0021268
2.1	2.4	40	60	0.822523	0.0038999	 0.00391486
-2.4	-2.1	60	100	0.860899	0.011745	 0.0121288
-2.1	-1.6	60	100	0.868938	0.0071932	 0.00744957
-1.6	-1.2	60	100	0.925964	0.00549349	 0.00571848
-1.2	-0.8	60	100	0.888903	0.00606594	 0.00622609
-0.8	-0.3	60	100	0.956467	0.00345864	 0.00359523
-0.3	-0.2	60	100	0.760593	0.0157921	 0.0162084
-0.2	0.2	60	100	0.918846	0.00481793	 0.00491232
0.2	0.3	60	100	0.827006	0.0149661	 0.0154463
0.3	0.8	60	100	0.958774	0.00303554	 0.0031995
0.8	1.2	60	100	0.887861	0.0063779	 0.00656527
1.2	1.6	60	100	0.917063	0.00576561	 0.00599803
1.6	2.1	60	100	0.869306	0.00732481	 0.00753785
2.1	2.4	60	100	0.845238	0.0133387	 0.0138508
-2.4	-2.1	100	200	0.847259	0.0356733	 0.0399509
-2.1	-1.6	100	200	0.796196	0.0226838	 0.0240434
-1.6	-1.2	100	200	0.892361	0.0167472	 0.0185699
-1.2	-0.8	100	200	0.893585	0.0152864	 0.0168569
-0.8	-0.3	100	200	0.967642	0.00904414	 0.0103031
-0.3	-0.2	100	200	0.786272	0.0418102	 0.0438013
-0.2	0.2	100	200	0.924559	0.0123375	 0.0137888
0.2	0.3	100	200	0.847354	0.0415615	 0.0460937
0.3	0.8	100	200	0.963693	0.00767162	 0.0173185
0.8	1.2	100	200	0.893856	0.0182149	 0.0177949
1.2	1.6	100	200	0.852061	0.0213682	 0.0227139
1.6	2.1	100	200	0.854079	0.0190549	 0.0204927
2.1	2.4	100	200	0.814076	0.0499598	 0.0434041
