etamin	etamax	ptmin	ptmax	eff	deff_high	deff_low
-2.4	-2.1	10	13	0.983414	0.00582552	 0.00626521
-2.1	-1.6	10	13	0.992002	0.00347009	 0.00376129
-1.6	-1.2	10	13	0.988349	0.00539433	 0.0057536
-1.2	-0.8	10	13	0.971239	0.00539433	 0.0057536
-0.8	-0.3	10	13	0.979506	0.00545108	 0.00589091
-0.3	-0.2	10	13	0.837632	0.0284742	 0.0310849
-0.2	0.2	10	13	0.972285	0.00806689	 0.00880421
0.2	0.3	10	13	0.901557	0.0238278	 0.0263143
0.3	0.8	10	13	0.992656	0.00461712	 0.00515464
0.8	1.2	10	13	0.967214	0.00570487	 0.00608184
1.2	1.6	10	13	0.985341	0.00414646	 0.00449029
1.6	2.1	10	13	0.989079	0.0041844	 0.00448588
2.1	2.4	10	13	0.988047	0.00571193	 0.00615506
-2.4	-2.1	13	16	0.982092	0.00425866	 0.00457975
-2.1	-1.6	13	16	0.993797	0.00221056	 0.00242773
-1.6	-1.2	13	16	0.987459	0.00290512	 0.00312657
-1.2	-0.8	13	16	0.960042	0.00415568	 0.0044928
-0.8	-0.3	13	16	0.990696	0.00229341	 0.00252949
-0.3	-0.2	13	16	0.892907	0.014342	 0.0152791
-0.2	0.2	13	16	0.96766	0.00503401	 0.00537441
0.2	0.3	13	16	0.874459	0.0161449	 0.0170414
0.3	0.8	13	16	0.983339	0.00296254	 0.00317023
0.8	1.2	13	16	0.969365	0.00370079	 0.00389554
1.2	1.6	13	16	0.991362	0.00253085	 0.00278505
1.6	2.1	13	16	0.994086	0.00234641	 0.00255569
2.1	2.4	13	16	0.992831	0.00383878	 0.00420673
-2.4	-2.1	16	20	0.981443	0.0028556	 0.00303197
-2.1	-1.6	16	20	0.99267	0.00134218	 0.0014479
-1.6	-1.2	16	20	0.9951	0.00125728	 0.00139096
-1.2	-0.8	16	20	0.968933	0.00260541	 0.00268542
-0.8	-0.3	16	20	0.987799	0.00140961	 0.00151063
-0.3	-0.2	16	20	0.908104	0.00841639	 0.00895917
-0.2	0.2	16	20	0.972457	0.00260743	 0.00271348
0.2	0.3	16	20	0.873678	0.00832456	 0.00859441
0.3	0.8	16	20	0.986426	0.00149497	 0.0015805
0.8	1.2	16	20	0.969361	0.00245286	 0.00254382
1.2	1.6	16	20	0.993889	0.00152974	 0.00165037
1.6	2.1	16	20	0.991194	0.00149186	 0.00158928
2.1	2.4	16	20	0.984497	0.00269014	 0.00285986
-2.4	-2.1	20	25	0.979646	0.00203407	 0.00211536
-2.1	-1.6	20	25	0.991618	0.000932638	 0.000980541
-1.6	-1.2	20	25	0.994828	0.000821417	 0.000872246
-1.2	-0.8	20	25	0.969465	0.00148601	 0.00151552
-0.8	-0.3	20	25	0.989697	0.000834946	 0.000864058
-0.3	-0.2	20	25	0.901941	0.0047474	 0.0048266
-0.2	0.2	20	25	0.979734	0.00118645	 0.00120927
0.2	0.3	20	25	0.900922	0.00489749	 0.00489399
0.3	0.8	20	25	0.987919	0.000883754	 0.000913848
0.8	1.2	20	25	0.975252	0.00152499	 0.00156046
1.2	1.6	20	25	0.989016	0.00105929	 0.00105929
1.6	2.1	20	25	0.991906	0.000910651	 0.00095749
2.1	2.4	20	25	0.981128	0.00171621	 0.00179331
-2.4	-2.1	25	30	0.976809	0.0015604	 0.00160788
-2.1	-1.6	25	30	0.990141	0.000724009	 0.000752663
-1.6	-1.2	25	30	0.994679	0.000611669	 0.000641376
-1.2	-0.8	25	30	0.974782	0.00115735	 0.00118939
-0.8	-0.3	25	30	0.990889	0.000566687	 0.000583542
-0.3	-0.2	25	30	0.90275	0.00332834	 0.00334133
-0.2	0.2	25	30	0.97883	0.000756757	 0.000745186
0.2	0.3	25	30	0.890064	0.00353579	 0.00349081
0.3	0.8	25	30	0.989714	0.000599795	 0.000617318
0.8	1.2	25	30	0.973163	0.00148802	 0.00149413
1.2	1.6	25	30	0.993512	0.000692209	 0.000723892
1.6	2.1	25	30	0.990937	0.000683267	 0.000704408
2.1	2.4	25	30	0.977848	0.001422	 0.00146464
-2.4	-2.1	30	40	0.975263	0.000853388	 0.000865209
-2.1	-1.6	30	40	0.989349	0.000321562	 0.000329441
-1.6	-1.2	30	40	0.994058	0.000321562	 0.000329441
-1.2	-0.8	30	40	0.974231	0.000543762	 0.000538577
-0.8	-0.3	30	40	0.989917	0.000290809	 0.000295329
-0.3	-0.2	30	40	0.898515	0.00172982	 0.0017207
-0.2	0.2	30	40	0.979481	0.000426191	 0.000420477
0.2	0.3	30	40	0.892143	0.00181078	 0.00181378
0.3	0.8	30	40	0.988613	0.000340023	 0.000324927
0.8	1.2	30	40	0.97434	0.000542302	 0.000545701
1.2	1.6	30	40	0.994007	0.000322529	 0.000331308
1.6	2.1	30	40	0.989749	0.0003826	 0.000389165
2.1	2.4	30	40	0.979047	0.000781633	 0.000793901
-2.4	-2.1	40	60	0.973397	0.000702148	 0.000709925
-2.1	-1.6	40	60	0.987815	0.000304037	 0.000302239
-1.6	-1.2	40	60	0.993991	0.000227587	 0.000232414
-1.2	-0.8	40	60	0.974128	0.000426058	 0.000429489
-0.8	-0.3	40	60	0.989576	0.000238601	 0.000238803
-0.3	-0.2	40	60	0.900008	0.00144325	 0.00145987
-0.2	0.2	40	60	0.979806	0.000359271	 0.00036447
0.2	0.3	40	60	0.892447	0.0016004	 0.00160592
0.3	0.8	40	60	0.989232	0.000243173	 0.000245516
0.8	1.2	40	60	0.973902	0.000427309	 0.000429981
1.2	1.6	40	60	0.993889	0.000230452	 0.000234451
1.6	2.1	40	60	0.989483	0.000288338	 0.000291559
2.1	2.4	40	60	0.978759	0.00062396	 0.000631749
-2.4	-2.1	60	100	0.965246	0.00281788	 0.00292553
-2.1	-1.6	60	100	0.987771	0.00105341	 0.00109576
-1.6	-1.2	60	100	0.992993	0.000824563	 0.000866927
-1.2	-0.8	60	100	0.969499	0.001348	 0.00138696
-0.8	-0.3	60	100	0.987717	0.000871858	 0.000890086
-0.3	-0.2	60	100	0.911604	0.0051026	 0.00520952
-0.2	0.2	60	100	0.978579	0.00127448	 0.00131316
0.2	0.3	60	100	0.885128	0.00515951	 0.00529676
0.3	0.8	60	100	0.989361	0.0008456	 0.000869509
0.8	1.2	60	100	0.971269	0.00143378	 0.00146016
1.2	1.6	60	100	0.994415	0.000770047	 0.00082236
1.6	2.1	60	100	0.98586	0.0011526	 0.00120466
2.1	2.4	60	100	0.979751	0.00237219	 0.00246479
-2.4	-2.1	100	200	0.947284	0.0116274	 0.0125545
-2.1	-1.6	100	200	0.980588	0.00364761	 0.00409123
-1.6	-1.2	100	200	0.996222	0.00213006	 0.00261607
-1.2	-0.8	100	200	0.963614	0.00870727	 0.00505647
-0.8	-0.3	100	200	0.989219	0.00258887	 0.00294978
-0.3	-0.2	100	200	0.884959	0.0145893	 0.0159196
-0.2	0.2	100	200	0.979982	0.0105112	 0.0164598
0.2	0.3	100	200	0.888734	0.0231795	 0.0182741
0.3	0.8	100	200	0.98696	0.00229155	 0.00258797
0.8	1.2	100	200	0.966486	0.00456778	 0.00464587
1.2	1.6	100	200	0.991005	0.00304528	 0.00350295
1.6	2.1	100	200	0.98191	0.00498551	 0.00539528
2.1	2.4	100	200	0.961607	0.00867484	 0.00969022
