etamin	etamax	ptmin	ptmax	eff	deff_high	deff_low
-2.4	-2.1	10	13	0.923294	0.00989359	 0.0101014
-2.1	-1.6	10	13	0.955043	0.00578327	 0.00602023
-1.6	-1.2	10	13	0.964041	0.00545703	 0.00579088
-1.2	-0.8	10	13	0.954833	0.00662262	 0.00697932
-0.8	-0.3	10	13	0.963446	0.00659726	 0.0069983
-0.3	-0.2	10	13	0.812207	0.0454597	 0.027899
-0.2	0.2	10	13	0.957783	0.000319861	 0.000319861
0.2	0.3	10	13	0.89736	0.0249047	 0.0271743
0.3	0.8	10	13	0.977893	0.00596092	 0.00645734
0.8	1.2	10	13	0.956838	0.00648566	 0.00683725
1.2	1.6	10	13	0.967502	0.00553401	 0.00585043
1.6	2.1	10	13	0.958023	0.00585056	 0.00609146
2.1	2.4	10	13	0.918655	0.00911361	 0.00949695
-2.4	-2.1	13	16	0.92535	0.007038	 0.00730119
-2.1	-1.6	13	16	0.972516	0.00363385	 0.00384425
-1.6	-1.2	13	16	0.97572	0.00372848	 0.00395034
-1.2	-0.8	13	16	0.948954	0.00460808	 0.00482985
-0.8	-0.3	13	16	0.983799	0.00292947	 0.0031392
-0.3	-0.2	13	16	0.879259	0.0158073	 0.0165688
-0.2	0.2	13	16	0.961754	0.00535116	 0.0056806
0.2	0.3	13	16	0.858005	0.017677	 0.0184331
0.3	0.8	13	16	0.971937	0.00371116	 0.00391567
0.8	1.2	13	16	0.956982	0.00434324	 0.00452591
1.2	1.6	13	16	0.982493	0.0033797	 0.00361919
1.6	2.1	13	16	0.973653	0.00368804	 0.00387382
2.1	2.4	13	16	0.936407	0.00701991	 0.00729814
-2.4	-2.1	16	20	0.945293	0.00457092	 0.00471457
-2.1	-1.6	16	20	0.977996	0.00188718	 0.00202909
-1.6	-1.2	16	20	0.986724	0.00188718	 0.00202909
-1.2	-0.8	16	20	0.962605	0.00282268	 0.00289937
-0.8	-0.3	16	20	0.975262	0.00169151	 0.0017527
-0.3	-0.2	16	20	0.902239	0.00849489	 0.00875239
-0.2	0.2	16	20	0.96575	0.00294631	 0.0030741
0.2	0.3	16	20	0.862995	0.00861676	 0.00885166
0.3	0.8	16	20	0.980664	0.0018056	 0.00188542
0.8	1.2	16	20	0.96255	0.00272198	 0.00281137
1.2	1.6	16	20	0.987209	0.0020368	 0.00215264
1.6	2.1	16	20	0.974043	0.00230275	 0.00236893
2.1	2.4	16	20	0.946041	0.00444598	 0.00459579
-2.4	-2.1	20	25	0.938844	0.00316905	 0.00324116
-2.1	-1.6	20	25	0.981845	0.0012936	 0.00134246
-1.6	-1.2	20	25	0.989014	0.00114911	 0.00120158
-1.2	-0.8	20	25	0.96364	0.00172371	 0.00172371
-0.8	-0.3	20	25	0.985213	0.00100455	 0.00103389
-0.3	-0.2	20	25	0.89446	0.00502401	 0.00508907
-0.2	0.2	20	25	0.971988	0.00139715	 0.00143785
0.2	0.3	20	25	0.893296	0.00531049	 0.00532777
0.3	0.8	20	25	0.982469	0.00106491	 0.0010905
0.8	1.2	20	25	0.970957	0.00166796	 0.00170271
1.2	1.6	20	25	0.988351	0.00120063	 0.00125019
1.6	2.1	20	25	0.982651	0.0012888	 0.00134121
2.1	2.4	20	25	0.945034	0.00277474	 0.00283776
-2.4	-2.1	25	30	0.944569	0.00234545	 0.00238782
-2.1	-1.6	25	30	0.983432	0.000926043	 0.000952613
-1.6	-1.2	25	30	0.989627	0.00083511	 0.000863081
-1.2	-0.8	25	30	0.971175	0.00123384	 0.0012608
-0.8	-0.3	25	30	0.985932	0.000692097	 0.000707898
-0.3	-0.2	25	30	0.8984	0.00343069	 0.00343548
-0.2	0.2	25	30	0.974393	0.00127077	 0.000835435
0.2	0.3	25	30	0.886349	0.00358059	 0.00356401
0.3	0.8	25	30	0.985546	0.000704272	 0.000720338
0.8	1.2	25	30	0.969408	0.00136571	 0.00145726
1.2	1.6	25	30	0.988615	0.000874205	 0.000915493
1.6	2.1	25	30	0.983622	0.000909882	 0.000929537
2.1	2.4	25	30	0.950485	0.00213396	 0.0021716
-2.4	-2.1	30	40	0.949283	0.00121575	 0.00122673
-2.1	-1.6	30	40	0.982911	0.000505569	 0.000511888
-1.6	-1.2	30	40	0.989404	0.000418869	 0.000421452
-1.2	-0.8	30	40	0.970434	0.000605407	 0.000593891
-0.8	-0.3	30	40	0.987354	0.000323591	 0.000328937
-0.3	-0.2	30	40	0.896392	0.00173062	 0.00173919
-0.2	0.2	30	40	0.977311	0.000452516	 0.000447537
0.2	0.3	30	40	0.890468	0.0018247	 0.00182815
0.3	0.8	30	40	0.986069	0.000360302	 0.000381051
0.8	1.2	30	40	0.971214	0.00058394	 0.000588188
1.2	1.6	30	40	0.990513	0.000405004	 0.000412317
1.6	2.1	30	40	0.983769	0.000482313	 0.000491867
2.1	2.4	30	40	0.953177	0.00115006	 0.00115948
-2.4	-2.1	40	60	0.951391	0.000955948	 0.000964508
-2.1	-1.6	40	60	0.982737	0.000359208	 0.000363159
-1.6	-1.2	40	60	0.990897	0.000277089	 0.000282235
-1.2	-0.8	40	60	0.972147	0.00044491	 0.000444514
-0.8	-0.3	40	60	0.988198	0.000252244	 0.000254708
-0.3	-0.2	40	60	0.898818	0.00144864	 0.00146559
-0.2	0.2	40	60	0.978292	0.00037423	 0.000375653
0.2	0.3	40	60	0.891324	0.00160774	 0.00161493
0.3	0.8	40	60	0.987624	0.000259087	 0.000262129
0.8	1.2	40	60	0.971995	0.000444016	 0.000444698
1.2	1.6	40	60	0.991017	0.000276515	 0.000280836
1.6	2.1	40	60	0.984678	0.000348837	 0.000353277
2.1	2.4	40	60	0.958593	0.00087431	 0.000882222
-2.4	-2.1	60	100	0.954041	0.00344937	 0.0035327
-2.1	-1.6	60	100	0.985335	0.00116016	 0.00120376
-1.6	-1.2	60	100	0.991564	0.000885206	 0.00092603
-1.2	-0.8	60	100	0.972227	0.00146225	 0.00149504
-0.8	-0.3	60	100	0.987128	0.000892677	 0.000918069
-0.3	-0.2	60	100	0.90986	0.00518112	 0.00531009
-0.2	0.2	60	100	0.977287	0.00131303	 0.00134817
0.2	0.3	60	100	0.884049	0.00533486	 0.00538991
0.3	0.8	60	100	0.98854	0.000881969	 0.000908659
0.8	1.2	60	100	0.969907	0.00148202	 0.00151175
1.2	1.6	60	100	0.993562	0.000839112	 0.000891301
1.6	2.1	60	100	0.984041	0.00123807	 0.00127856
2.1	2.4	60	100	0.96417	0.00309912	 0.00318705
-2.4	-2.1	100	200	0.934986	0.0139986	 0.0149156
-2.1	-1.6	100	200	0.978064	0.00390884	 0.0043427
-1.6	-1.2	100	200	0.99465	0.0022196	 0.00263094
-1.2	-0.8	100	200	0.963582	0.00465316	 0.00503706
-0.8	-0.3	100	200	0.989124	0.00255336	 0.00291523
-0.3	-0.2	100	200	0.884324	0.0146317	 0.0158881
-0.2	0.2	100	200	0.978878	0.00342143	 0.00382854
0.2	0.3	100	200	0.887112	0.0169075	 0.0183454
0.3	0.8	100	200	0.986805	0.00230112	 0.0026042
0.8	1.2	100	200	0.966293	0.00429433	 0.00500568
1.2	1.6	100	200	0.991106	0.00298161	 0.0034345
1.6	2.1	100	200	0.982987	0.00485559	 0.00530214
2.1	2.4	100	200	0.948071	0.0141923	 0.0110228
