etamin	etamax	ptmin	ptmax	eff	deff_high	deff_low
-2.4	-2.1	10	13	0.89322	0.0066858	 0.00668295
-2.1	-1.6	10	13	0.949897	0.00414533	 0.00415594
-1.6	-1.2	10	13	0.937964	0.00434049	 0.00439746
-1.2	-0.8	10	13	0.879581	0.0054373	 0.00545936
-0.8	-0.3	10	13	0.950853	0.0063927	 0.0064323
-0.3	-0.2	10	13	0.845314	0.0178984	 0.0178707
-0.2	0.2	10	13	0.947038	0.00885843	 0.00885197
0.2	0.3	10	13	0.822511	0.019086	 0.0191015
0.3	0.8	10	13	0.936739	0.00615348	 0.00621778
0.8	1.2	10	13	0.877016	0.00542402	 0.00545428
1.2	1.6	10	13	0.92876	0.00469284	 0.00472602
1.6	2.1	10	13	0.964379	0.00445077	 0.00447541
2.1	2.4	10	13	0.920219	0.00655146	 0.0066079
-2.4	-2.1	13	16	0.91243	0.00446383	 0.00448912
-2.1	-1.6	13	16	0.961523	0.00257721	 0.00260636
-1.6	-1.2	13	16	0.944866	0.00289616	 0.00293398
-1.2	-0.8	13	16	0.901132	0.00349435	 0.00354646
-0.8	-0.3	13	16	0.95201	0.0032685	 0.00328953
-0.3	-0.2	13	16	0.861284	0.0108901	 0.0103426
-0.2	0.2	13	16	0.958886	0.00439651	 0.00443577
0.2	0.3	13	16	0.835969	0.0105772	 0.0105956
0.3	0.8	13	16	0.951692	0.00322847	 0.00325736
0.8	1.2	13	16	0.906019	0.00344794	 0.00346188
1.2	1.6	13	16	0.946149	0.0029611	 0.00300851
1.6	2.1	13	16	0.964864	0.00265319	 0.00268589
2.1	2.4	13	16	0.907026	0.00446063	 0.00449712
-2.4	-2.1	16	20	0.915528	0.00266199	 0.0026818
-2.1	-1.6	16	20	0.961232	0.00142281	 0.00143963
-1.6	-1.2	16	20	0.960028	0.00158081	 0.00160027
-1.2	-0.8	16	20	0.915927	0.00204809	 0.00206935
-0.8	-0.3	16	20	0.96199	0.00155897	 0.00157018
-0.3	-0.2	16	20	0.852335	0.00508217	 0.00512372
-0.2	0.2	16	20	0.956792	0.00198981	 0.00200639
0.2	0.3	16	20	0.832333	0.00531227	 0.0053622
0.3	0.8	16	20	0.960343	0.00157817	 0.00159255
0.8	1.2	16	20	0.919825	0.00201139	 0.0020363
1.2	1.6	16	20	0.960021	0.00161889	 0.00163644
1.6	2.1	16	20	0.964282	0.00146553	 0.0014818
2.1	2.4	16	20	0.921332	0.00266819	 0.0026935
-2.4	-2.1	20	25	0.911945	0.0016999	 0.00171301
-2.1	-1.6	20	25	0.962185	0.000853771	 0.000864216
-1.6	-1.2	20	25	0.966416	0.000909032	 0.000912563
-1.2	-0.8	20	25	0.924997	0.00119137	 0.0012079
-0.8	-0.3	20	25	0.96691	0.000806672	 0.000812609
-0.3	-0.2	20	25	0.850708	0.00279627	 0.0028126
-0.2	0.2	20	25	0.956315	0.000949512	 0.00095159
0.2	0.3	20	25	0.83738	0.00289342	 0.00292183
0.3	0.8	20	25	0.964397	0.000826913	 0.000835893
0.8	1.2	20	25	0.924021	0.00118888	 0.00119699
1.2	1.6	20	25	0.966517	0.000926982	 0.000936254
1.6	2.1	20	25	0.964744	0.000837283	 0.000842799
2.1	2.4	20	25	0.922994	0.00163959	 0.00164968
-2.4	-2.1	25	30	0.915705	0.00124409	 0.00124405
-2.1	-1.6	25	30	0.960344	0.000628049	 0.000632312
-1.6	-1.2	25	30	0.970138	0.000620913	 0.000624672
-1.2	-0.8	25	30	0.929358	0.000845611	 0.000852192
-0.8	-0.3	25	30	0.967879	0.00052076	 0.000524042
-0.3	-0.2	25	30	0.854844	0.00184323	 0.00184267
-0.2	0.2	25	30	0.956663	0.000571698	 0.000574921
0.2	0.3	25	30	0.837405	0.00193178	 0.00194202
0.3	0.8	25	30	0.966143	0.00052773	 0.00053119
0.8	1.2	25	30	0.931082	0.000837258	 0.000841262
1.2	1.6	25	30	0.970104	0.000630741	 0.000636607
1.6	2.1	25	30	0.966318	0.000601562	 0.000603196
2.1	2.4	25	30	0.924203	0.00118512	 0.00118878
-2.4	-2.1	30	40	0.916861	0.000652537	 0.000654593
-2.1	-1.6	30	40	0.961447	0.000322784	 0.000323402
-1.6	-1.2	30	40	0.970413	0.000311037	 0.00031264
-1.2	-0.8	30	40	0.930281	0.000392854	 0.000395307
-0.8	-0.3	30	40	0.968123	0.000229552	 0.000230041
-0.3	-0.2	30	40	0.856154	0.000904156	 0.000906159
-0.2	0.2	30	40	0.959774	0.000269903	 0.000270594
0.2	0.3	30	40	0.840942	0.000943545	 0.000940278
0.3	0.8	30	40	0.966141	0.000234566	 0.000235204
0.8	1.2	30	40	0.929769	0.000393643	 0.000393592
1.2	1.6	30	40	0.97004	0.000315237	 0.000316142
1.6	2.1	30	40	0.965639	0.000309418	 0.000311268
2.1	2.4	30	40	0.923236	0.000632081	 0.00063336
-2.4	-2.1	40	60	0.918752	0.000554346	 0.000543625
-2.1	-1.6	40	60	0.960506	0.000245569	 0.000247129
-1.6	-1.2	40	60	0.972404	0.0002107	 0.00021147
-1.2	-0.8	40	60	0.934243	0.000285807	 0.00028461
-0.8	-0.3	40	60	0.969995	0.000177656	 0.000178159
-0.3	-0.2	40	60	0.857832	0.00074909	 0.000749868
-0.2	0.2	40	60	0.961263	0.000218374	 0.000219016
0.2	0.3	40	60	0.841606	0.000811331	 0.00077311
0.3	0.8	40	60	0.967711	0.000182618	 0.000182461
0.8	1.2	40	60	0.934152	0.000284545	 0.000285229
1.2	1.6	40	60	0.971876	0.000214102	 0.000214559
1.6	2.1	40	60	0.964722	0.00023421	 0.000234949
2.1	2.4	40	60	0.925277	0.000532068	 0.00052992
-2.4	-2.1	60	100	0.92285	0.00210369	 0.00211785
-2.1	-1.6	60	100	0.962594	0.000861549	 0.000860931
-1.6	-1.2	60	100	0.980841	0.000658942	 0.000666457
-1.2	-0.8	60	100	0.944196	0.000926697	 0.000933152
-0.8	-0.3	60	100	0.975869	0.000585061	 0.000590783
-0.3	-0.2	60	100	0.855161	0.00255555	 0.00257204
-0.2	0.2	60	100	0.96739	0.000714499	 0.000722627
0.2	0.3	60	100	0.847721	0.00255103	 0.00257433
0.3	0.8	60	100	0.973096	0.000599247	 0.000604745
0.8	1.2	60	100	0.941728	0.000926453	 0.000933464
1.2	1.6	60	100	0.981256	0.000675913	 0.000683109
1.6	2.1	60	100	0.966306	0.000853163	 0.000863093
2.1	2.4	60	100	0.933718	0.00199365	 0.00201068
-2.4	-2.1	100	200	0.907911	0.00939628	 0.00939246
-2.1	-1.6	100	200	0.957177	0.00306821	 0.00314981
-1.6	-1.2	100	200	0.977339	0.00212145	 0.00219035
-1.2	-0.8	100	200	0.940334	0.00288169	 0.00293867
-0.8	-0.3	100	200	0.975814	0.00186397	 0.00190922
-0.3	-0.2	100	200	0.851028	0.00768076	 0.00786376
-0.2	0.2	100	200	0.968015	0.00218651	 0.0022417
0.2	0.3	100	200	0.834499	0.00799261	 0.00812815
0.3	0.8	100	200	0.973148	0.00192421	 0.00196912
0.8	1.2	100	200	0.934853	0.00295753	 0.00300999
1.2	1.6	100	200	0.984247	0.00207548	 0.00215224
1.6	2.1	100	200	0.961107	0.00309818	 0.00316431
2.1	2.4	100	200	0.912851	0.00855025	 0.00864574
