etamin	etamax	ptmin	ptmax	eff	deff_high	deff_low
-2.4	-2.1	10	13	0.868733	0.00687459	 0.00688657
-2.1	-1.6	10	13	0.933938	0.00432659	 0.00435241
-1.6	-1.2	10	13	0.928512	0.00454295	 0.0045619
-1.2	-0.8	10	13	0.872231	0.00555055	 0.00557352
-0.8	-0.3	10	13	0.947461	0.0064869	 0.00651005
-0.3	-0.2	10	13	0.838619	0.0181978	 0.0182319
-0.2	0.2	10	13	0.942563	0.00904343	 0.00906556
0.2	0.3	10	13	0.822784	0.0194374	 0.0194016
0.3	0.8	10	13	0.930796	0.00631498	 0.00634127
0.8	1.2	10	13	0.872311	0.00553209	 0.00554543
1.2	1.6	10	13	0.916561	0.00487086	 0.00489627
1.6	2.1	10	13	0.946721	0.00463666	 0.0046412
2.1	2.4	10	13	0.895992	0.00682911	 0.00685302
-2.4	-2.1	13	16	0.896448	0.00465764	 0.00468297
-2.1	-1.6	13	16	0.948822	0.00274285	 0.00277049
-1.6	-1.2	13	16	0.936315	0.00304177	 0.00308017
-1.2	-0.8	13	16	0.896367	0.00357273	 0.003591
-0.8	-0.3	13	16	0.946279	0.00336338	 0.00338178
-0.3	-0.2	13	16	0.858276	0.0103539	 0.0104276
-0.2	0.2	13	16	0.958079	0.00449466	 0.00453683
0.2	0.3	13	16	0.835144	0.0105002	 0.0112595
0.3	0.8	13	16	0.948258	0.00329911	 0.00332113
0.8	1.2	13	16	0.902194	0.00349605	 0.00355943
1.2	1.6	13	16	0.93838	0.00309416	 0.00312871
1.6	2.1	13	16	0.953296	0.00281283	 0.00284334
2.1	2.4	13	16	0.888924	0.00467893	 0.00469123
-2.4	-2.1	16	20	0.902068	0.00279425	 0.00281829
-2.1	-1.6	16	20	0.95274	0.0015199	 0.00153365
-1.6	-1.2	16	20	0.955603	0.00164801	 0.00167078
-1.2	-0.8	16	20	0.913085	0.00208294	 0.00209922
-0.8	-0.3	16	20	0.959475	0.00160329	 0.00161415
-0.3	-0.2	16	20	0.849847	0.00514046	 0.0051821
-0.2	0.2	16	20	0.954418	0.00204107	 0.00205741
0.2	0.3	16	20	0.829399	0.00537556	 0.00541471
0.3	0.8	16	20	0.957994	0.00162249	 0.00163282
0.8	1.2	16	20	0.916579	0.00204192	 0.00206825
1.2	1.6	16	20	0.955929	0.0016846	 0.00169615
1.6	2.1	16	20	0.955111	0.00156647	 0.00157592
2.1	2.4	16	20	0.90727	0.00281823	 0.00284318
-2.4	-2.1	20	25	0.902135	0.0017828	 0.00178581
-2.1	-1.6	20	25	0.955831	0.000905631	 0.000917499
-1.6	-1.2	20	25	0.963118	0.000944645	 0.000951747
-1.2	-0.8	20	25	0.922844	0.0012135	 0.00122115
-0.8	-0.3	20	25	0.964743	0.000827096	 0.000834963
-0.3	-0.2	20	25	0.848907	0.00281615	 0.00282891
-0.2	0.2	20	25	0.954296	0.000967713	 0.000973954
0.2	0.3	20	25	0.835011	0.00291679	 0.00293724
0.3	0.8	20	25	0.962146	0.000848285	 0.00085589
0.8	1.2	20	25	0.921476	0.00120797	 0.00121648
1.2	1.6	20	25	0.964128	0.00095506	 0.000965817
1.6	2.1	20	25	0.95866	0.000892566	 0.000900909
2.1	2.4	20	25	0.912596	0.00173274	 0.00174028
-2.4	-2.1	25	30	0.909007	0.00128787	 0.00129867
-2.1	-1.6	25	30	0.956235	0.00065621	 0.000661717
-1.6	-1.2	25	30	0.967997	0.000641261	 0.000644553
-1.2	-0.8	25	30	0.927628	0.000855668	 0.000860814
-0.8	-0.3	25	30	0.966151	0.00053202	 0.000535552
-0.3	-0.2	25	30	0.853729	0.00184355	 0.00185258
-0.2	0.2	25	30	0.95491	0.000581311	 0.000586003
0.2	0.3	25	30	0.835832	0.00193735	 0.00194824
0.3	0.8	25	30	0.964608	0.000538055	 0.000541756
0.8	1.2	25	30	0.929527	0.000847496	 0.000849388
1.2	1.6	25	30	0.967911	0.000650753	 0.000656904
1.6	2.1	25	30	0.961806	0.000634358	 0.000637355
2.1	2.4	25	30	0.916064	0.00124913	 0.00125381
-2.4	-2.1	30	40	0.911047	0.000678706	 0.000679793
-2.1	-1.6	30	40	0.958561	0.00033363	 0.000335244
-1.6	-1.2	30	40	0.96881	0.000318922	 0.000320034
-1.2	-0.8	30	40	0.928742	0.000396724	 0.000399002
-0.8	-0.3	30	40	0.966901	0.000233283	 0.000234058
-0.3	-0.2	30	40	0.854813	0.000907347	 0.000909455
-0.2	0.2	30	40	0.958404	0.000273894	 0.000274686
0.2	0.3	30	40	0.8399	0.000944405	 0.000942484
0.3	0.8	30	40	0.964913	0.000238498	 0.000238902
0.8	1.2	30	40	0.928249	0.000396627	 0.000398102
1.2	1.6	30	40	0.9683	0.000323062	 0.00032419
1.6	2.1	30	40	0.961897	0.000325488	 0.000326029
2.1	2.4	30	40	0.916531	0.000663171	 0.00066353
-2.4	-2.1	40	60	0.913776	0.000568375	 0.000569052
-2.1	-1.6	40	60	0.958125	0.00025284	 0.000254177
-1.6	-1.2	40	60	0.971049	0.000215377	 0.000216242
-1.2	-0.8	40	60	0.933057	0.000287504	 0.000287691
-0.8	-0.3	40	60	0.968866	0.000180599	 0.000181102
-0.3	-0.2	40	60	0.856874	0.00075143	 0.000752116
-0.2	0.2	40	60	0.960099	0.000221352	 0.000221832
0.2	0.3	40	60	0.840786	0.000780067	 0.000781697
0.3	0.8	40	60	0.966729	0.000184935	 0.000185145
0.8	1.2	40	60	0.932941	0.0002873	 0.00028744
1.2	1.6	40	60	0.970424	0.000218998	 0.000219514
1.6	2.1	40	60	0.962056	0.000243297	 0.000243556
2.1	2.4	40	60	0.919216	0.000554768	 0.000556144
-2.4	-2.1	60	100	0.920565	0.00217438	 0.00219139
-2.1	-1.6	60	100	0.960917	0.000874248	 0.000888052
-1.6	-1.2	60	100	0.980005	0.000671104	 0.000679201
-1.2	-0.8	60	100	0.943069	0.000938118	 0.000939761
-0.8	-0.3	60	100	0.974888	0.000593501	 0.000601685
-0.3	-0.2	60	100	0.853769	0.00256724	 0.00258936
-0.2	0.2	60	100	0.966554	0.000724604	 0.000731008
0.2	0.3	60	100	0.846991	0.00256753	 0.00257515
0.3	0.8	60	100	0.972214	0.000608299	 0.000613666
0.8	1.2	60	100	0.940878	0.000934598	 0.00094002
1.2	1.6	60	100	0.980485	0.000689227	 0.000696894
1.6	2.1	60	100	0.963911	0.000882841	 0.000890913
2.1	2.4	60	100	0.930974	0.00208372	 0.00209758
-2.4	-2.1	100	200	0.908358	0.00945579	 0.00953657
-2.1	-1.6	100	200	0.956371	0.00311573	 0.00318711
-1.6	-1.2	100	200	0.976742	0.00214913	 0.00221351
-1.2	-0.8	100	200	0.939896	0.00290022	 0.00295627
-0.8	-0.3	100	200	0.975477	0.00187358	 0.0019183
-0.3	-0.2	100	200	0.850731	0.0076874	 0.00787266
-0.2	0.2	100	200	0.96731	0.00220328	 0.00227091
0.2	0.3	100	200	0.832926	0.00802297	 0.00815847
0.3	0.8	100	200	0.972667	0.00194291	 0.00198652
0.8	1.2	100	200	0.934091	0.00298278	 0.00302842
1.2	1.6	100	200	0.98316	0.00213578	 0.00220525
1.6	2.1	100	200	0.961048	0.00314032	 0.00321466
2.1	2.4	100	200	0.913247	0.00867946	 0.00877533
