etamin	etamax	ptmin	ptmax	eff	deff_high	deff_low
-2.4	-2.1	10	13	0.871831	0.00748931	 0.00749022
-2.1	-1.6	10	13	0.943589	0.00475515	 0.00477909
-1.6	-1.2	10	13	0.946645	0.00439387	 0.00443537
-1.2	-0.8	10	13	0.91543	0.00546932	 0.00552359
-0.8	-0.3	10	13	0.955632	0.00641234	 0.00643783
-0.3	-0.2	10	13	0.869438	0.017725	 0.017908
-0.2	0.2	10	13	0.971007	0.00863182	 0.00867482
0.2	0.3	10	13	0.83918	0.00052368	 0.00052368
0.3	0.8	10	13	0.956573	0.00636582	 0.00639847
0.8	1.2	10	13	0.910116	0.0054209	 0.00545648
1.2	1.6	10	13	0.952612	0.00530037	 0.00532062
1.6	2.1	10	13	0.940747	0.00541786	 0.00542354
2.1	2.4	10	13	0.889509	0.0074175	 0.0074241
-2.4	-2.1	13	16	0.884414	0.0048459	 0.00488303
-2.1	-1.6	13	16	0.947449	0.0029118	 0.00294807
-1.6	-1.2	13	16	0.968289	0.00268809	 0.00272242
-1.2	-0.8	13	16	0.938707	0.00324955	 0.00325635
-0.8	-0.3	13	16	0.961491	0.00313541	 0.00316455
-0.3	-0.2	13	16	0.875791	0.00957012	 0.00969394
-0.2	0.2	13	16	0.962327	0.00412188	 0.00417263
0.2	0.3	13	16	0.832069	0.0104956	 0.0106966
0.3	0.8	13	16	0.963775	0.00325093	 0.00329066
0.8	1.2	13	16	0.932652	0.0032749	 0.00330815
1.2	1.6	13	16	0.959993	0.00311802	 0.0031439
1.6	2.1	13	16	0.954088	0.00313754	 0.0031647
2.1	2.4	13	16	0.882657	0.00494856	 0.00499029
-2.4	-2.1	16	20	0.890993	0.00294749	 0.00296845
-2.1	-1.6	16	20	0.953543	0.00163284	 0.00165621
-1.6	-1.2	16	20	0.977517	0.00143008	 0.00144902
-1.2	-0.8	16	20	0.944136	0.00179346	 0.00181897
-0.8	-0.3	16	20	0.967893	0.00147314	 0.0014864
-0.3	-0.2	16	20	0.864208	0.00511484	 0.00517713
-0.2	0.2	16	20	0.954398	0.00199417	 0.00200251
0.2	0.3	16	20	0.846072	0.00526936	 0.00532641
0.3	0.8	16	20	0.961775	0.00153757	 0.00155215
0.8	1.2	16	20	0.943811	0.00183029	 0.00186458
1.2	1.6	16	20	0.975518	0.00155651	 0.00157784
1.6	2.1	16	20	0.961355	0.00167259	 0.00169277
2.1	2.4	16	20	0.893305	0.00296214	 0.00299391
-2.4	-2.1	20	25	0.893638	0.00186781	 0.00186637
-2.1	-1.6	20	25	0.955271	0.000942491	 0.000949316
-1.6	-1.2	20	25	0.979784	0.00076791	 0.000776038
-1.2	-0.8	20	25	0.947925	0.00102897	 0.00103926
-0.8	-0.3	20	25	0.972356	0.000739572	 0.000746299
-0.3	-0.2	20	25	0.865564	0.00273272	 0.00275276
-0.2	0.2	20	25	0.958099	0.000905388	 0.000911795
0.2	0.3	20	25	0.85571	0.00282816	 0.0028686
0.3	0.8	20	25	0.970546	0.000760682	 0.00076719
0.8	1.2	20	25	0.94502	0.00105382	 0.00105893
1.2	1.6	20	25	0.978343	0.000838015	 0.000846202
1.6	2.1	20	25	0.96105	0.000947793	 0.000956275
2.1	2.4	20	25	0.906694	0.00178065	 0.00179748
-2.4	-2.1	25	30	0.90242	0.00132597	 0.00133238
-2.1	-1.6	25	30	0.958604	0.000658063	 0.000664468
-1.6	-1.2	25	30	0.981276	0.000519918	 0.000524957
-1.2	-0.8	25	30	0.950811	0.000713482	 0.000721632
-0.8	-0.3	25	30	0.974976	0.000460424	 0.00046359
-0.3	-0.2	25	30	0.8642	0.0018168	 0.00182923
-0.2	0.2	25	30	0.962634	0.000533231	 0.00053899
0.2	0.3	25	30	0.855455	0.00188241	 0.00188986
0.3	0.8	25	30	0.972403	0.000475966	 0.0004778
0.8	1.2	25	30	0.947888	0.000734563	 0.000738892
1.2	1.6	25	30	0.979305	0.000560973	 0.000566562
1.6	2.1	25	30	0.962852	0.000654073	 0.000658214
2.1	2.4	25	30	0.909296	0.00131544	 0.0013077
-2.4	-2.1	30	40	0.904761	0.000702672	 0.000702154
-2.1	-1.6	30	40	0.960065	0.000333988	 0.000335684
-1.6	-1.2	30	40	0.981061	0.000254765	 0.000256336
-1.2	-0.8	30	40	0.94929	0.000338531	 0.000339838
-0.8	-0.3	30	40	0.976881	0.000197675	 0.000198664
-0.3	-0.2	30	40	0.863671	0.000952441	 0.000947014
-0.2	0.2	30	40	0.966284	0.000249691	 0.000250771
0.2	0.3	30	40	0.860341	0.000928986	 0.000932029
0.3	0.8	30	40	0.974535	0.000205986	 0.000206686
0.8	1.2	30	40	0.945987	0.000348745	 0.000347885
1.2	1.6	30	40	0.980255	0.000264415	 0.000266034
1.6	2.1	30	40	0.964381	0.000326802	 0.000329047
2.1	2.4	30	40	0.911341	0.000684895	 0.00068637
-2.4	-2.1	40	60	0.907769	0.000580128	 0.000580954
-2.1	-1.6	40	60	0.959477	0.000252962	 0.000253617
-1.6	-1.2	40	60	0.983273	0.00016744	 0.000169222
-1.2	-0.8	40	60	0.95151	0.000252602	 0.000252653
-0.8	-0.3	40	60	0.978141	0.000153779	 0.000154391
-0.3	-0.2	40	60	0.865569	0.000771224	 0.000758287
-0.2	0.2	40	60	0.967262	0.000206372	 0.000207141
0.2	0.3	40	60	0.85923	0.000778014	 0.000779646
0.3	0.8	40	60	0.975801	0.000162025	 0.000162416
0.8	1.2	40	60	0.948133	0.000260976	 0.000261962
1.2	1.6	40	60	0.98172	0.000179232	 0.000179988
1.6	2.1	40	60	0.963818	0.000244083	 0.000246017
2.1	2.4	40	60	0.914472	0.000567569	 0.000568343
-2.4	-2.1	60	100	0.913353	0.00215093	 0.00216461
-2.1	-1.6	60	100	0.959013	0.000909347	 0.000918225
-1.6	-1.2	60	100	0.986921	0.000557487	 0.000566635
-1.2	-0.8	60	100	0.950446	0.000872587	 0.000880858
-0.8	-0.3	60	100	0.97927	0.000540318	 0.000546278
-0.3	-0.2	60	100	0.865034	0.00258938	 0.00258885
-0.2	0.2	60	100	0.96895	0.00069552	 0.000702754
0.2	0.3	60	100	0.858706	0.00259208	 0.00260228
0.3	0.8	60	100	0.976268	0.000565064	 0.000571148
0.8	1.2	60	100	0.947738	0.000905084	 0.000918387
1.2	1.6	60	100	0.985039	0.000642712	 0.000642653
1.6	2.1	60	100	0.963865	0.000922216	 0.000919362
2.1	2.4	60	100	0.920765	0.00212134	 0.0021342
-2.4	-2.1	100	200	0.909622	0.00852935	 0.00864683
-2.1	-1.6	100	200	0.947004	0.003441	 0.00352297
-1.6	-1.2	100	200	0.988016	0.00178345	 0.00186179
-1.2	-0.8	100	200	0.940164	0.00297726	 0.00304035
-0.8	-0.3	100	200	0.977945	0.00177588	 0.00183139
-0.3	-0.2	100	200	0.852176	0.00821373	 0.00800859
-0.2	0.2	100	200	0.965859	0.00231906	 0.00237288
0.2	0.3	100	200	0.840826	0.00831787	 0.00850154
0.3	0.8	100	200	0.975532	0.0018651	 0.00191244
0.8	1.2	100	200	0.942073	0.00299724	 0.0030581
1.2	1.6	100	200	0.98653	0.00224021	 0.00232127
1.6	2.1	100	200	0.954415	0.00383128	 0.00389302
2.1	2.4	100	200	0.91723	0.00874379	 0.00883721
