etamin	etamax	ptmin	ptmax	eff	deff_high	deff_low
-2.4	-2.1	10	13	0.895074	0.0141802	 0.0143583
-2.1	-1.6	10	13	0.959206	0.00867189	 0.00881755
-1.6	-1.2	10	13	0.958037	0.00832515	 0.00855128
-1.2	-0.8	10	13	0.927934	0.0107506	 0.0109251
-0.8	-0.3	10	13	0.968331	0.0131837	 0.013362
-0.3	-0.2	10	13	0.846458	0.0357647	 0.0360276
-0.2	0.2	10	13	0.942205	0.0209928	 0.0210994
0.2	0.3	10	13	0.861083	0.0426901	 0.0431695
0.3	0.8	10	13	0.933804	0.0130722	 0.013265
0.8	1.2	10	13	0.946421	0.0100518	 0.0102359
1.2	1.6	10	13	0.965668	0.00863546	 0.00884784
1.6	2.1	10	13	0.968043	0.00907821	 0.00920166
2.1	2.4	10	13	0.894388	0.0141397	 0.0142827
-2.4	-2.1	13	16	0.913429	0.00908149	 0.0093069
-2.1	-1.6	13	16	0.955002	0.00548767	 0.00564389
-1.6	-1.2	13	16	0.971699	0.00490025	 0.00506844
-1.2	-0.8	13	16	0.93129	0.0062681	 0.00643627
-0.8	-0.3	13	16	0.965391	0.00652265	 0.00667731
-0.3	-0.2	13	16	0.872597	0.0206097	 0.0213822
-0.2	0.2	13	16	0.946629	0.00965478	 0.00988691
0.2	0.3	13	16	0.85917	0.0193539	 0.0200528
0.3	0.8	13	16	0.9643	0.00637765	 0.00652503
0.8	1.2	13	16	0.923143	0.00640754	 0.00657535
1.2	1.6	13	16	0.971513	0.00540656	 0.00558152
1.6	2.1	13	16	0.959474	0.00585502	 0.00599804
2.1	2.4	13	16	0.889101	0.00959626	 0.00973824
-2.4	-2.1	16	20	0.913246	0.00579505	 0.00589584
-2.1	-1.6	16	20	0.965684	0.00284926	 0.00290568
-1.6	-1.2	16	20	0.980312	0.00266314	 0.00275146
-1.2	-0.8	16	20	0.937245	0.00365272	 0.00372259
-0.8	-0.3	16	20	0.960961	0.00312117	 0.00319007
-0.3	-0.2	16	20	0.84368	0.0119432	 0.0122679
-0.2	0.2	16	20	0.950812	0.00442767	 0.00451711
0.2	0.3	16	20	0.82278	0.0122182	 0.0124086
0.3	0.8	16	20	0.967738	0.00300799	 0.00308114
0.8	1.2	16	20	0.945522	0.00354091	 0.00361735
1.2	1.6	16	20	0.975195	0.00292719	 0.003014
1.6	2.1	16	20	0.970517	0.00292292	 0.00298829
2.1	2.4	16	20	0.917012	0.00560109	 0.00570615
-2.4	-2.1	20	25	0.911153	0.00355723	 0.00360674
-2.1	-1.6	20	25	0.964963	0.00174523	 0.00177712
-1.6	-1.2	20	25	0.981785	0.00143347	 0.00148224
-1.2	-0.8	20	25	0.939445	0.00216672	 0.00219366
-0.8	-0.3	20	25	0.964959	0.00162291	 0.00164315
-0.3	-0.2	20	25	0.862163	0.0058066	 0.00589826
-0.2	0.2	20	25	0.952221	0.00205009	 0.0020786
0.2	0.3	20	25	0.855297	0.0059532	 0.00608035
0.3	0.8	20	25	0.96594	0.00157525	 0.00160855
0.8	1.2	20	25	0.943444	0.00211971	 0.00215189
1.2	1.6	20	25	0.977427	0.00160732	 0.00165271
1.6	2.1	20	25	0.970234	0.00167022	 0.00170062
2.1	2.4	20	25	0.920598	0.00346583	 0.00351956
-2.4	-2.1	25	30	0.918791	0.00274671	 0.00277835
-2.1	-1.6	25	30	0.968545	0.0012618	 0.00128233
-1.6	-1.2	25	30	0.984384	0.000995546	 0.00102139
-1.2	-0.8	25	30	0.940977	0.00158775	 0.00161404
-0.8	-0.3	25	30	0.96721	0.00107418	 0.00108661
-0.3	-0.2	25	30	0.859543	0.00391733	 0.00396313
-0.2	0.2	25	30	0.953454	0.00122544	 0.00124878
0.2	0.3	25	30	0.852547	0.00406005	 0.00417726
0.3	0.8	25	30	0.969689	0.00102177	 0.00103802
0.8	1.2	25	30	0.944593	0.00155568	 0.00157322
1.2	1.6	25	30	0.979858	0.00110136	 0.00113134
1.6	2.1	25	30	0.971464	0.00124124	 0.00125828
2.1	2.4	25	30	0.918592	0.00276286	 0.00279014
-2.4	-2.1	30	40	0.924095	0.00144892	 0.00145507
-2.1	-1.6	30	40	0.970615	0.000660064	 0.000660867
-1.6	-1.2	30	40	0.984091	0.000510776	 0.000512663
-1.2	-0.8	30	40	0.940967	0.000789712	 0.000786572
-0.8	-0.3	30	40	0.968648	0.000487501	 0.000489348
-0.3	-0.2	30	40	0.862848	0.00201074	 0.00202522
-0.2	0.2	30	40	0.956029	0.000604427	 0.000608381
0.2	0.3	30	40	0.852884	0.00212042	 0.00218467
0.3	0.8	30	40	0.971422	0.000465602	 0.000468658
0.8	1.2	30	40	0.945708	0.000749262	 0.000750142
1.2	1.6	30	40	0.981494	0.000551241	 0.000556314
1.6	2.1	30	40	0.972534	0.000642506	 0.000645917
2.1	2.4	30	40	0.923012	0.00146595	 0.00147501
-2.4	-2.1	40	60	0.925941	0.00120925	 0.00121643
-2.1	-1.6	40	60	0.96947	0.000501106	 0.000504517
-1.6	-1.2	40	60	0.984452	0.000356878	 0.000360994
-1.2	-0.8	40	60	0.942321	0.000587942	 0.000591836
-0.8	-0.3	40	60	0.970089	0.000387447	 0.000391502
-0.3	-0.2	40	60	0.860991	0.00166365	 0.00166913
-0.2	0.2	40	60	0.957249	0.000506069	 0.000508383
0.2	0.3	40	60	0.848653	0.0015679	 0.0015679
0.3	0.8	40	60	0.972803	0.000370012	 0.000372732
0.8	1.2	40	60	0.9477	0.000565477	 0.00056783
1.2	1.6	40	60	0.983381	0.000377844	 0.000381805
1.6	2.1	40	60	0.974224	0.000469498	 0.000473688
2.1	2.4	40	60	0.925148	0.00121643	 0.00122474
-2.4	-2.1	60	100	0.940376	0.0044305	 0.00449941
-2.1	-1.6	60	100	0.97466	0.00165084	 0.00168664
-1.6	-1.2	60	100	0.986273	0.00114646	 0.00118686
-1.2	-0.8	60	100	0.941678	0.00196109	 0.0019947
-0.8	-0.3	60	100	0.970141	0.00129155	 0.00131507
-0.3	-0.2	60	100	0.856929	0.00548462	 0.00557613
-0.2	0.2	60	100	0.960253	0.00162852	 0.00165832
0.2	0.3	60	100	0.852943	0.00539277	 0.00548516
0.3	0.8	60	100	0.973528	0.00121412	 0.00124332
0.8	1.2	60	100	0.946797	0.00186281	 0.00189592
1.2	1.6	60	100	0.985805	0.00122823	 0.00126859
1.6	2.1	60	100	0.974485	0.00167022	 0.00171438
2.1	2.4	60	100	0.938134	0.00444861	 0.00451945
-2.4	-2.1	100	200	0.879939	0.0171683	 0.0175673
-2.1	-1.6	100	200	0.973127	0.00595772	 0.00632186
-1.6	-1.2	100	200	0.986139	0.00388836	 0.00421077
-1.2	-0.8	100	200	0.947177	0.00574528	 0.00603039
-0.8	-0.3	100	200	0.972485	0.00375246	 0.00397911
-0.3	-0.2	100	200	0.864395	0.0159589	 0.0167729
-0.2	0.2	100	200	0.961436	0.00492443	 0.00517453
0.2	0.3	100	200	0.845606	0.0138016	 0.0145372
0.3	0.8	100	200	0.969033	0.00396803	 0.0041763
0.8	1.2	100	200	0.93355	0.00634077	 0.00665602
1.2	1.6	100	200	0.984785	0.00397983	 0.00434921
1.6	2.1	100	200	0.972725	0.00651558	 0.00685006
2.1	2.4	100	200	0.93062	0.0177714	 0.0182321
