etamin	etamax	ptmin	ptmax	eff	deff_high	deff_low
-2.4	-2.1	10	13	0.923808	0.0478307	 0.0523028
-2.1	-1.6	10	13	0.863039	0.032745	 0.0397389
-1.6	-1.2	10	13	0.987191	0.00892355	 0.0171575
-1.2	-0.8	10	13	0.971034	0.0163078	 0.0256271
-0.8	-0.3	10	13	0.999998	2.3358e-06	 0.0453158
-0.3	-0.2	10	13	0.704093	0.12767	 0.155518
-0.2	0.2	10	13	1	0	 0.0713181
0.2	0.3	10	13	0.799972	0.135011	 0.209946
0.3	0.8	10	13	0.934748	0.0302754	 0.0426904
0.8	1.2	10	13	1	0	 0.0290522
1.2	1.6	10	13	0.952048	0.0302194	 0.0277468
1.6	2.1	10	13	0.92609	0.0225672	 0.0277943
2.1	2.4	10	13	0.90121	0.0405923	 0.0547735
-2.4	-2.1	13	16	0.936899	0.0282791	 0.0333935
-2.1	-1.6	13	16	0.928954	0.0188533	 0.0217343
-1.6	-1.2	13	16	0.95928	0.0155016	 0.0205996
-1.2	-0.8	13	16	0.967332	0.0182005	 0.0186629
-0.8	-0.3	13	16	0.980292	0.0143683	 0.0206851
-0.3	-0.2	13	16	1	1.01161e-10	 0.05863
-0.2	0.2	13	16	0.943394	0.0308402	 0.0475704
0.2	0.3	13	16	0.793284	0.0903359	 0.102209
0.3	0.8	13	16	0.96598	0.0160335	 0.0235671
0.8	1.2	13	16	0.949916	0.0190522	 0.0240875
1.2	1.6	13	16	0.985022	0.00926573	 0.0139883
1.6	2.1	13	16	0.883196	0.0220819	 0.0248481
2.1	2.4	13	16	0.952605	0.0196538	 0.0269399
-2.4	-2.1	16	20	0.924637	0.0161574	 0.0186708
-2.1	-1.6	16	20	0.945853	0.0151023	 0.0166068
-1.6	-1.2	16	20	0.994999	0.00442103	 0.0066345
-1.2	-0.8	16	20	0.934551	0.0118037	 0.013673
-0.8	-0.3	16	20	0.971612	0.00957728	 0.0118531
-0.3	-0.2	16	20	0.91695	0.0340565	 0.0454923
-0.2	0.2	16	20	0.987829	0.00669606	 0.010663
0.2	0.3	16	20	0.827908	0.0555088	 0.0694808
0.3	0.8	16	20	0.990369	0.00497154	 0.00715516
0.8	1.2	16	20	0.941966	0.0372848	 0.0372848
1.2	1.6	16	20	0.987316	0.00608854	 0.00770051
1.6	2.1	16	20	0.933984	0.0115814	 0.0141994
2.1	2.4	16	20	0.941803	0.0170637	 0.0190951
-2.4	-2.1	20	25	0.922134	0.0142694	 0.0145617
-2.1	-1.6	20	25	0.932992	0.0080662	 0.00874424
-1.6	-1.2	20	25	0.991421	0.00388537	 0.00500464
-1.2	-0.8	20	25	0.950864	0.00885022	 0.00973589
-0.8	-0.3	20	25	0.985148	0.00418568	 0.00488706
-0.3	-0.2	20	25	0.888836	0.0238222	 0.0270275
-0.2	0.2	20	25	0.960911	0.00874053	 0.00955124
0.2	0.3	20	25	0.810639	0.0308246	 0.0337979
0.3	0.8	20	25	0.96803	0.00557432	 0.00628555
0.8	1.2	20	25	0.943777	0.00918333	 0.0106298
1.2	1.6	20	25	0.981137	0.00457945	 0.00541922
1.6	2.1	20	25	0.952173	0.00849455	 0.00919153
2.1	2.4	20	25	0.930825	0.0211938	 0.0131712
-2.4	-2.1	25	30	0.933046	0.00926955	 0.0101856
-2.1	-1.6	25	30	0.939669	0.00642796	 0.00689573
-1.6	-1.2	25	30	0.980499	0.00423176	 0.00480446
-1.2	-0.8	25	30	0.94812	0.00647061	 0.00703669
-0.8	-0.3	25	30	0.980403	0.00329452	 0.00370588
-0.3	-0.2	25	30	0.856119	0.0185059	 0.0199504
-0.2	0.2	25	30	0.976987	0.00421601	 0.00465839
0.2	0.3	25	30	0.817145	0.0201043	 0.0214116
0.3	0.8	25	30	0.984018	0.00302007	 0.00340415
0.8	1.2	25	30	0.933293	0.00713738	 0.00772805
1.2	1.6	25	30	0.981723	0.0046	 0.00521573
1.6	2.1	25	30	0.938492	0.00759482	 0.00815713
2.1	2.4	25	30	0.933047	0.012081	 0.0110308
-2.4	-2.1	30	50	0.938162	0.00449626	 0.00463628
-2.1	-1.6	30	50	0.920323	0.00314332	 0.00319692
-1.6	-1.2	30	50	0.985194	0.00124727	 0.00131906
-1.2	-0.8	30	50	0.943155	0.00232232	 0.00238187
-0.8	-0.3	30	50	0.978836	0.00120718	 0.00124985
-0.3	-0.2	30	50	0.840981	0.00669323	 0.00689146
-0.2	0.2	30	50	0.969206	0.00157375	 0.00162433
0.2	0.3	30	50	0.832883	0.00704846	 0.00722107
0.3	0.8	30	50	0.977347	0.00145674	 0.00126596
0.8	1.2	30	50	0.941644	0.002305	 0.00236519
1.2	1.6	30	50	0.97801	0.00151249	 0.00158721
1.6	2.1	30	50	0.935416	0.00270493	 0.00272415
2.1	2.4	30	50	0.932894	0.00395128	 0.00414858
-2.4	-2.1	50	200	0.938721	0.00905002	 0.00958806
-2.1	-1.6	50	200	0.928906	0.00648111	 0.00675833
-1.6	-1.2	50	200	0.983952	0.00272119	 0.00295773
-1.2	-0.8	50	200	0.935876	0.00509221	 0.00535007
-0.8	-0.3	50	200	0.977199	0.00256802	 0.00276927
-0.3	-0.2	50	200	0.823124	0.0196343	 0.0190873
-0.2	0.2	50	200	0.971723	0.00320433	 0.00347436
0.2	0.3	50	200	0.829524	0.0157377	 0.0163585
0.3	0.8	50	200	0.981608	0.00231949	 0.00252727
0.8	1.2	50	200	0.934708	0.00508859	 0.00535055
1.2	1.6	50	200	0.980649	0.00284867	 0.00317932
1.6	2.1	50	200	0.939716	0.00522223	 0.00540901
2.1	2.4	50	200	0.93581	0.00912742	 0.00945461
