etamin	etamax	ptmin	ptmax	eff	deff_high	deff_low
-2.4	-2.1	10	13	0.889517	0.0170924	 0.0172628
-2.1	-1.6	10	13	0.959562	0.0103761	 0.0105992
-1.6	-1.2	10	13	0.954187	0.00944318	 0.00985271
-1.2	-0.8	10	13	0.953716	0.0121975	 0.0125474
-0.8	-0.3	10	13	0.972153	0.016393	 0.0167145
-0.3	0.3	10	13	0.932719	0.0207175	 0.0210166
0.3	0.8	10	13	0.949927	0.0160421	 0.0164036
0.8	1.2	10	13	0.97333	0.0108522	 0.0112463
1.2	1.6	10	13	0.960808	0.010524	 0.0108416
1.6	2.1	10	13	0.968844	0.0110864	 0.0112791
2.1	2.4	10	13	0.86798	0.0172857	 0.0175086
-2.4	-2.1	13	16	0.885498	0.0111812	 0.0113711
-2.1	-1.6	13	16	0.964117	0.00622827	 0.00643215
-1.6	-1.2	13	16	0.985237	0.00531867	 0.00558888
-1.2	-0.8	13	16	0.960385	0.00653476	 0.00681066
-0.8	-0.3	13	16	0.962694	0.00845893	 0.00873283
-0.3	0.3	13	16	0.943239	0.0097219	 0.00996775
0.3	0.8	13	16	0.972483	0.00785976	 0.00813492
0.8	1.2	13	16	0.955015	0.00670729	 0.00697996
1.2	1.6	13	16	0.984137	0.00565553	 0.00594072
1.6	2.1	13	16	0.958127	0.00689552	 0.00709229
2.1	2.4	13	16	0.889622	0.0117531	 0.012019
-2.4	-2.1	16	20	0.896402	0.00705152	 0.00718079
-2.1	-1.6	16	20	0.958952	0.00352739	 0.00364591
-1.6	-1.2	16	20	0.981514	0.00293219	 0.00306262
-1.2	-0.8	16	20	0.964048	0.00356077	 0.00369593
-0.8	-0.3	16	20	0.955644	0.00402853	 0.00414023
-0.3	0.3	16	20	0.938987	0.00485511	 0.00496725
0.3	0.8	16	20	0.965763	0.00375809	 0.00386548
0.8	1.2	16	20	0.969716	0.00342863	 0.00354721
1.2	1.6	16	20	0.978149	0.00324538	 0.00338391
1.6	2.1	16	20	0.969973	0.0033877	 0.00349293
2.1	2.4	16	20	0.896063	0.00684267	 0.00699405
-2.4	-2.1	20	25	0.901166	0.00443362	 0.00449559
-2.1	-1.6	20	25	0.965452	0.00212217	 0.00216897
-1.6	-1.2	20	25	0.981031	0.0017484	 0.00180727
-1.2	-0.8	20	25	0.964384	0.00215763	 0.00221554
-0.8	-0.3	20	25	0.955578	0.00218154	 0.00220248
-0.3	0.3	20	25	0.941091	0.00234377	 0.00238709
0.3	0.8	20	25	0.967188	0.0020121	 0.00205198
0.8	1.2	20	25	0.972135	0.00202982	 0.00208427
1.2	1.6	20	25	0.980156	0.00185904	 0.0019323
1.6	2.1	20	25	0.969638	0.00204802	 0.00209647
2.1	2.4	20	25	0.904501	0.00438145	 0.00442519
-2.4	-2.1	25	30	0.903571	0.00360026	 0.00365033
-2.1	-1.6	25	30	0.969182	0.00158519	 0.00162108
-1.6	-1.2	25	30	0.986222	0.00116971	 0.00120984
-1.2	-0.8	25	30	0.964572	0.00165206	 0.0016813
-0.8	-0.3	25	30	0.960876	0.00149099	 0.00151377
-0.3	0.3	25	30	0.940482	0.00147247	 0.00149093
0.3	0.8	25	30	0.967712	0.00136017	 0.00138586
0.8	1.2	25	30	0.965193	0.00163048	 0.00166224
1.2	1.6	25	30	0.982507	0.00130892	 0.0013504
1.6	2.1	25	30	0.97149	0.00155902	 0.00159212
2.1	2.4	25	30	0.904265	0.00364997	 0.0037022
-2.4	-2.1	30	35	0.911434	0.00300514	 0.00303594
-2.1	-1.6	30	35	0.966907	0.00138974	 0.00141453
-1.6	-1.2	30	35	0.986258	0.000987112	 0.00101738
-1.2	-0.8	30	35	0.966827	0.00124681	 0.00126803
-0.8	-0.3	30	35	0.959684	0.00112753	 0.00113792
-0.3	0.3	30	35	0.940641	0.00113355	 0.00114344
0.3	0.8	30	35	0.966064	0.00104237	 0.00105774
0.8	1.2	30	35	0.970516	0.0012291	 0.00125404
1.2	1.6	30	35	0.982872	0.00109088	 0.00112274
1.6	2.1	30	35	0.973558	0.00131428	 0.00134456
2.1	2.4	30	35	0.90381	0.00305186	 0.00307803
-2.4	-2.1	35	40	0.905663	0.0026334	 0.00267905
-2.1	-1.6	35	40	0.968461	0.00117191	 0.00118656
-1.6	-1.2	35	40	0.984162	0.000818597	 0.000833692
-1.2	-0.8	35	40	0.965058	0.00101162	 0.00100586
-0.8	-0.3	35	40	0.960766	0.000892775	 0.000895785
-0.3	0.3	35	40	0.941741	0.000959597	 0.000965427
0.3	0.8	35	40	0.96811	0.000815429	 0.000827482
0.8	1.2	35	40	0.970821	0.000932321	 0.000948755
1.2	1.6	35	40	0.983573	0.000857389	 0.00086944
1.6	2.1	35	40	0.972185	0.00109102	 0.00110752
2.1	2.4	35	40	0.906154	0.00266459	 0.00268262
-2.4	-2.1	40	60	0.912328	0.00165954	 0.00166617
-2.1	-1.6	40	60	0.970083	0.000654798	 0.000663494
-1.6	-1.2	40	60	0.986086	0.000441853	 0.000447807
-1.2	-0.8	40	60	0.968047	0.000592662	 0.000598529
-0.8	-0.3	40	60	0.962569	0.000563908	 0.000570256
-0.3	0.3	40	60	0.942989	0.000616026	 0.000617463
0.3	0.8	40	60	0.969105	0	 0
0.8	1.2	40	60	0.972075	0.000559731	 0.000564063
1.2	1.6	40	60	0.985147	0.000463574	 0.000470768
1.6	2.1	40	60	0.974131	0.000613216	 0.000619824
2.1	2.4	40	60	0.907661	0.0016811	 0.00169564
-2.4	-2.1	60	100	0.925707	0.00598876	 0.00608401
-2.1	-1.6	60	100	0.977386	0.00203985	 0.00211555
-1.6	-1.2	60	100	0.989433	0.00136977	 0.00143394
-1.2	-0.8	60	100	0.970382	0.00191772	 0.00197214
-0.8	-0.3	60	100	0.967749	0.00177693	 0.00182582
-0.3	0.3	60	100	0.949679	0.0019003	 0.00192879
0.3	0.8	60	100	0.971881	0.00161049	 0.00164894
0.8	1.2	60	100	0.972532	0.0017951	 0.00185955
1.2	1.6	60	100	0.988775	0.00143908	 0.00151163
1.6	2.1	60	100	0.976292	0.00209161	 0.00215715
2.1	2.4	60	100	0.936851	0.0057071	 0.00581697
-2.4	-2.1	100	200	0.869274	0.0226222	 0.0230387
-2.1	-1.6	100	200	0.967208	0.007607	 0.00818697
-1.6	-1.2	100	200	0.986934	0.00430182	 0.00473101
-1.2	-0.8	100	200	0.965393	0.00547651	 0.00579893
-0.8	-0.3	100	200	0.968609	0.00517216	 0.00548843
-0.3	0.3	100	200	0.950822	0.00550326	 0.00576878
0.3	0.8	100	200	0.963545	0.00513225	 0.00544593
0.8	1.2	100	200	0.971922	0.0057537	 0.00620781
1.2	1.6	100	200	0.989636	0.00447798	 0.00500962
1.6	2.1	100	200	0.986166	0.00669051	 0.00729736
2.1	2.4	100	200	0.923416	0.0217928	 0.0227278
