etamin	etamax	ptmin	ptmax	eff	deff_high	deff_low
-2.4	-2.1	10	12	0.90891	0.0440967	 0.0201533
-2.1	-1.6	10	12	0.891172	0.0150618	 0.0164358
-1.6	-1.2	10	12	0.979409	0.00937271	 0.011416
-1.2	-0.8	10	12	0.959497	0.0114573	 0.0139601
-0.8	-0.3	10	12	0.959226	0.0143163	 0.0188682
-0.3	-0.2	10	12	0.62502	0.114087	 0.124354
-0.2	0.2	10	12	0.968597	0.0147017	 0.0211932
0.2	0.3	10	12	0.86669	0.0611832	 0.0852042
0.3	0.8	10	12	0.958541	0.0147412	 0.0193518
0.8	1.2	10	12	0.961571	0.01387	 0.0168378
1.2	1.6	10	12	0.98093	0.00763854	 0.00960029
1.6	2.1	10	12	0.90584	0.0142682	 0.014757
2.1	2.4	10	12	0.917533	0.0175347	 0.0200403
-2.4	-2.1	12	14	0.927254	0.0203858	 0.0220584
-2.1	-1.6	12	14	0.922354	0.0114176	 0.0124585
-1.6	-1.2	12	14	0.975432	0.00753013	 0.00840548
-1.2	-0.8	12	14	0.944021	0.0114341	 0.0131253
-0.8	-0.3	12	14	0.975644	0.00803706	 0.0102801
-0.3	-0.2	12	14	0.840348	0.0594494	 0.0770673
-0.2	0.2	12	14	0.933829	0.0178445	 0.0215679
0.2	0.3	12	14	0.833397	0.052217	 0.0627888
0.3	0.8	12	14	0.965927	0.0100644	 0.0124508
0.8	1.2	12	14	0.953541	0.0123954	 0.0138949
1.2	1.6	12	14	0.975715	0.00654125	 0.0080187
1.6	2.1	12	14	0.898718	0.0129833	 0.01403
2.1	2.4	12	14	0.905806	0.0177325	 0.0189178
-2.4	-2.1	14	16	0.938939	0.0109429	 0.0124852
-2.1	-1.6	14	16	0.922685	0.00908024	 0.00978128
-1.6	-1.2	14	16	0.973776	0.00595952	 0.00701176
-1.2	-0.8	14	16	0.953279	0.00936518	 0.0104163
-0.8	-0.3	14	16	0.971638	0.00924207	 0.0108753
-0.3	-0.2	14	16	0.790145	0.0473598	 0.0537755
-0.2	0.2	14	16	0.950608	0.0142084	 0.0154664
0.2	0.3	14	16	0.792355	0.0498117	 0.0568576
0.3	0.8	14	16	0.98055	0.00552671	 0.00681763
0.8	1.2	14	16	0.94233	0.0100185	 0.0111173
1.2	1.6	14	16	0.970253	0.00790343	 0.00890481
1.6	2.1	14	16	0.911586	0.00995657	 0.010681
2.1	2.4	14	16	0.926474	0.0145961	 0.0153073
-2.4	-2.1	16	18	0.915635	0.0136735	 0.0148917
-2.1	-1.6	16	18	0.902848	0.00927908	 0.00985102
-1.6	-1.2	16	18	0.980455	0.00622443	 0.00605313
-1.2	-0.8	16	18	0.934478	0.00920463	 0.00977052
-0.8	-0.3	16	18	0.969658	0.00589305	 0.00673648
-0.3	-0.2	16	18	0.868417	0.041346	 0.0570555
-0.2	0.2	16	18	0.950322	0.0100075	 0.0112807
0.2	0.3	16	18	0.840044	0.0328641	 0.0381608
0.3	0.8	16	18	0.966303	0.00617647	 0.0070419
0.8	1.2	16	18	0.932588	0.00998598	 0.0107366
1.2	1.6	16	18	0.980678	0.00456732	 0.00530567
1.6	2.1	16	18	0.937308	0.00895372	 0.00956118
2.1	2.4	16	18	0.909343	0.011519	 0.0124803
-2.4	-2.1	18	20	0.918322	0.0104283	 0.0110045
-2.1	-1.6	18	20	0.910581	0.00830319	 0.00836876
-1.6	-1.2	18	20	0.984571	0.00339447	 0.0039975
-1.2	-0.8	18	20	0.932152	0.00728801	 0.00782146
-0.8	-0.3	18	20	0.975994	0.00415407	 0.00469039
-0.3	-0.2	18	20	0.858245	0.0293397	 0.0315284
-0.2	0.2	18	20	0.949572	0.00961728	 0.0104232
0.2	0.3	18	20	0.867283	0.0278791	 0.0291376
0.3	0.8	18	20	0.967142	0.00488349	 0.00547051
0.8	1.2	18	20	0.940694	0.00840002	 0.00905614
1.2	1.6	18	20	0.982759	0.00444841	 0.00508808
1.6	2.1	18	20	0.911919	0.00836839	 0.00881344
2.1	2.4	18	20	0.924625	0.0107885	 0.0114578
-2.4	-2.1	20	25	0.920856	0.00544235	 0.00578578
-2.1	-1.6	20	25	0.917028	0.00388183	 0.00397638
-1.6	-1.2	20	25	0.980261	0.00217813	 0.00230408
-1.2	-0.8	20	25	0.935809	0.00373978	 0.00383337
-0.8	-0.3	20	25	0.971843	0.00248766	 0.00325731
-0.3	-0.2	20	25	0.83754	0.0118123	 0.0121923
-0.2	0.2	20	25	0.964426	0.00289194	 0.00305497
0.2	0.3	20	25	0.861613	0.0125749	 0.0125679
0.3	0.8	20	25	0.981283	0.00206808	 0.00218255
0.8	1.2	20	25	0.937728	0.00370675	 0.00382254
1.2	1.6	20	25	0.979438	0.00218812	 0.00223887
1.6	2.1	20	25	0.919311	0.00410884	 0.00407202
2.1	2.4	20	25	0.917673	0.00555106	 0.00562044
-2.4	-2.1	25	30	0.92428	0.0046617	 0.00482249
-2.1	-1.6	25	30	0.919626	0.0032331	 0.0032936
-1.6	-1.2	25	30	0.982291	0.00193213	 0.00224003
-1.2	-0.8	25	30	0.94189	0.00302724	 0.00307749
-0.8	-0.3	25	30	0.973548	0.00154524	 0.00160416
-0.3	-0.2	25	30	0.848627	0.0077689	 0.00795895
-0.2	0.2	25	30	0.968194	0.00193121	 0.00195586
0.2	0.3	25	30	0.830344	0.00795745	 0.00817984
0.3	0.8	25	30	0.978413	0.00151406	 0.00151656
0.8	1.2	25	30	0.941714	0.00296413	 0.00300256
1.2	1.6	25	30	0.974956	0.00196477	 0.00204315
1.6	2.1	25	30	0.922079	0.0030169	 0.00309508
2.1	2.4	25	30	0.927343	0.0046802	 0.00483845
-2.4	-2.1	30	35	0.938397	0.00366027	 0.00375758
-2.1	-1.6	30	35	0.920541	0.00291723	 0.00290342
-1.6	-1.2	30	35	0.980966	0.00137394	 0.00144083
-1.2	-0.8	30	35	0.934886	0.00248738	 0.00251952
-0.8	-0.3	30	35	0.971603	0.00128228	 0.00130517
-0.3	-0.2	30	35	0.839127	0.00649111	 0.00651588
-0.2	0.2	30	35	0.965351	0.00157026	 0.00154836
0.2	0.3	30	35	0.825424	0.0062587	 0.00631807
0.3	0.8	30	35	0.974946	0.00125782	 0.00126923
0.8	1.2	30	35	0.937213	0.002394	 0.00243858
1.2	1.6	30	35	0.981206	0.00150512	 0.00156675
1.6	2.1	30	35	0.923063	0.00276861	 0.00275042
2.1	2.4	30	35	0.924499	0.00403744	 0.00406349
-2.4	-2.1	35	40	0.933147	0.00392448	 0.0030935
-2.1	-1.6	35	40	0.916759	0.00245158	 0.0024296
-1.6	-1.2	35	40	0.981465	0.00112946	 0.00117133
-1.2	-0.8	35	40	0.938116	0.00183009	 0.00185896
-0.8	-0.3	35	40	0.973884	0.00112106	 0.00114415
-0.3	-0.2	35	40	0.83387	0.00528083	 0.00536491
-0.2	0.2	35	40	0.96519	0.00138366	 0.00137856
0.2	0.3	35	40	0.837235	0.00542917	 0.00551095
0.3	0.8	35	40	0.979081	0.00095157	 0.000952712
0.8	1.2	35	40	0.940009	0.00190177	 0.00191125
1.2	1.6	35	40	0.978834	0.00129776	 0.00131963
1.6	2.1	35	40	0.918384	0.00241852	 0.0024142
2.1	2.4	35	40	0.926996	0.00341954	 0.00345826
-2.4	-2.1	40	60	0.932651	0.00213126	 0.00217113
-2.1	-1.6	40	60	0.918887	0.00145021	 0.00144309
-1.6	-1.2	40	60	0.981851	0.000680485	 0.000674363
-1.2	-0.8	40	60	0.936491	0.0012055	 0.00120568
-0.8	-0.3	40	60	0.973761	0.00070729	 0.000712167
-0.3	-0.2	40	60	0.836656	0.00382569	 0.00364004
-0.2	0.2	40	60	0.964431	0.000835491	 0.000847019
0.2	0.3	40	60	0.832559	0.00343661	 0.00351741
0.3	0.8	40	60	0.975701	0.000677233	 0.000683028
0.8	1.2	40	60	0.939599	0.00120342	 0.001213
1.2	1.6	40	60	0.980899	0.000733435	 0.000747354
1.6	2.1	40	60	0.92129	0.00142063	 0.00142438
2.1	2.4	40	60	0.934988	0.00208566	 0.00211135
-2.4	-2.1	60	100	0.932922	0.00656159	 0.00674668
-2.1	-1.6	60	100	0.920011	0.00455579	 0.00429347
-1.6	-1.2	60	100	0.983231	0.00186998	 0.00201078
-1.2	-0.8	60	100	0.928807	0.00396458	 0.00398493
-0.8	-0.3	60	100	0.977882	0.00193621	 0.00203098
-0.3	-0.2	60	100	0.811658	0.0265599	 0.00988188
-0.2	0.2	60	100	0.9627	0.00279546	 0.00287585
0.2	0.3	60	100	0.81767	0.0110169	 0.0108252
0.3	0.8	60	100	0.978365	0.00173607	 0.00180249
0.8	1.2	60	100	0.934477	0.00354089	 0.00355996
1.2	1.6	60	100	0.973738	0.0026576	 0.00281929
1.6	2.1	60	100	0.922468	0.00394693	 0.00415519
2.1	2.4	60	100	0.919225	0.00718057	 0.00744902
-2.4	-2.1	100	200	0.894704	0.025167	 0.027204
-2.1	-1.6	100	200	0.900571	0.0249119	 0.019471
-1.6	-1.2	100	200	0.978206	0.00542707	 0.00658972
-1.2	-0.8	100	200	0.937772	0.00985182	 0.0103061
-0.8	-0.3	100	200	0.967214	0.00650277	 0.00755748
-0.3	-0.2	100	200	0.769071	0.0317199	 0.0462569
-0.2	0.2	100	200	0.961945	0.00689499	 0.00781099
0.2	0.3	100	200	0.789388	0.0285899	 0.0308755
0.3	0.8	100	200	0.977299	0.00542056	 0.00625546
0.8	1.2	100	200	0.935788	0.0103211	 0.0113079
1.2	1.6	100	200	0.980664	0.00525105	 0.00636297
1.6	2.1	100	200	0.925816	0.0129696	 0.0129756
2.1	2.4	100	200	0.92727	0.0199588	 0.0224843
