etamin	etamax	ptmin	ptmax	eff	deff_high	deff_low
-2.4	-2.1	10	15	0	0	 0
-2.1	-1.6	10	15	0	0	 0
-1.6	-1.2	10	15	0	0	 0
-1.2	-0.8	10	15	0	0	 0
-0.8	-0.3	10	15	0	0	 0
-0.3	-0.2	10	15	0	0	 0
-0.2	0.2	10	15	0	0	 0
0.2	0.3	10	15	0	0	 0
0.3	0.8	10	15	0	0	 0
0.8	1.2	10	15	0	0	 0
1.2	1.6	10	15	0	0	 0
1.6	2.1	10	15	0	0	 0
2.1	2.4	10	15	0	0	 0
-2.4	-2.1	15	16	0	0	 0
-2.1	-1.6	15	16	0	0	 0
-1.6	-1.2	15	16	0	0	 0
-1.2	-0.8	15	16	0	0	 0
-0.8	-0.3	15	16	0	0	 0
-0.3	-0.2	15	16	0	0	 0
-0.2	0.2	15	16	0	0	 0
0.2	0.3	15	16	0	0	 0
0.3	0.8	15	16	0	0	 0
0.8	1.2	15	16	0	0	 0
1.2	1.6	15	16	0	0	 0
1.6	2.1	15	16	0	0	 0
2.1	2.4	15	16	0	0	 0
-2.4	-2.1	16	17	0	0	 0
-2.1	-1.6	16	17	0	0	 0
-1.6	-1.2	16	17	0	0	 0
-1.2	-0.8	16	17	0	0	 0
-0.8	-0.3	16	17	0	0	 0
-0.3	-0.2	16	17	0	0	 0
-0.2	0.2	16	17	0	0	 0
0.2	0.3	16	17	0	0	 0
0.3	0.8	16	17	0	0	 0
0.8	1.2	16	17	0	0	 0
1.2	1.6	16	17	0	0	 0
1.6	2.1	16	17	0	0	 0
2.1	2.4	16	17	0	0	 0
-2.4	-2.1	17	18	0.0166807	0.011413	 0.00783613
-2.1	-1.6	17	18	0	0	 0
-1.6	-1.2	17	18	0	0	 0
-1.2	-0.8	17	18	0	0	 0
-0.8	-0.3	17	18	0	0	 0
-0.3	-0.2	17	18	0	0	 0
-0.2	0.2	17	18	0	0	 0
0.2	0.3	17	18	0	0	 0
0.3	0.8	17	18	0	0	 0
0.8	1.2	17	18	0	0	 0
1.2	1.6	17	18	0	0	 0
1.6	2.1	17	18	0	0	 0
2.1	2.4	17	18	0	0	 0
-2.4	-2.1	18	19	0	0	 0
-2.1	-1.6	18	19	0	0	 0
-1.6	-1.2	18	19	0	0	 0
-1.2	-0.8	18	19	0	0	 0
-0.8	-0.3	18	19	0	0	 0
-0.3	-0.2	18	19	0	0	 0
-0.2	0.2	18	19	0	0	 0
0.2	0.3	18	19	0	0	 0
0.3	0.8	18	19	0	0	 0
0.8	1.2	18	19	0	0	 0
1.2	1.6	18	19	0	0	 0
1.6	2.1	18	19	0	0	 0
2.1	2.4	18	19	0.0195926	0.00998677	 0.0074525
-2.4	-2.1	19	20	0.0926361	0.0193772	 0.017144
-2.1	-1.6	19	20	0.0704711	0.0125056	 0.0111789
-1.6	-1.2	19	20	0.0404974	0.0129566	 0.0115103
-1.2	-0.8	19	20	0.0337938	0.0105698	 0.0087561
-0.8	-0.3	19	20	0.0390911	0.00999614	 0.00860488
-0.3	-0.2	19	20	0	0	 0
-0.2	0.2	19	20	0.0192734	0.0102679	 0.00779064
0.2	0.3	19	20	0.0260553	0.0335895	 0.0214638
0.3	0.8	19	20	0.0376194	0.0097436	 0.00834188
0.8	1.2	19	20	0.0288877	0.000127005	 0.000127005
1.2	1.6	19	20	0.0343473	0.013649	 0.011884
1.6	2.1	19	20	0.0551423	0.0119244	 0.0106162
2.1	2.4	19	20	0.0621459	0.0267737	 0.0156016
-2.4	-2.1	20	21	0.693204	0.0268338	 0.027199
-2.1	-1.6	20	21	0.742715	0.0208178	 0.0215722
-1.6	-1.2	20	21	0.810298	0.0210432	 0.021571
-1.2	-0.8	20	21	0.773556	0.0225903	 0.0234555
-0.8	-0.3	20	21	0.896136	0.0158979	 0.0168669
-0.3	-0.2	20	21	0.650425	0.0460506	 0.0497186
-0.2	0.2	20	21	0.755665	0.0248622	 0.026721
0.2	0.3	20	21	0.655978	0.0552988	 0.0591923
0.3	0.8	20	21	0.854011	0.0174377	 0.0183141
0.8	1.2	20	21	0.780706	0.0196629	 0.0207183
1.2	1.6	20	21	0.77211	0.0204647	 0.0221845
1.6	2.1	20	21	0.746081	0.0198884	 0.0200034
2.1	2.4	20	21	0.699267	0.0290272	 0.0292851
-2.4	-2.1	21	22	0.718287	0.0267874	 0.0272145
-2.1	-1.6	21	22	0.769731	0.0181812	 0.0188001
-1.6	-1.2	21	22	0.858299	0.0180208	 0.0190869
-1.2	-0.8	21	22	0.838442	0.0178323	 0.0185077
-0.8	-0.3	21	22	0.91067	0.000395125	 0.000395125
-0.3	-0.2	21	22	0.674303	0.0421482	 0.046647
-0.2	0.2	21	22	0.824046	0.0189553	 0.0199348
0.2	0.3	21	22	0.733086	0.0402813	 0.0430258
0.3	0.8	21	22	0.899113	0.0123109	 0.0133086
0.8	1.2	21	22	0.788335	0.0183554	 0.0193754
1.2	1.6	21	22	0.824191	0.0187628	 0.0194804
1.6	2.1	21	22	0.826121	0.0157679	 0.0162278
2.1	2.4	21	22	0.722885	0.0277587	 0.0287647
-2.4	-2.1	22	24	0.816339	0.015284	 0.0157239
-2.1	-1.6	22	24	0.820996	0.0114075	 0.0116509
-1.6	-1.2	22	24	0.868076	0.0110355	 0.0115232
-1.2	-0.8	22	24	0.851729	0.0109526	 0.0116936
-0.8	-0.3	22	24	0.92044	0.00758678	 0.00773063
-0.3	-0.2	22	24	0.694307	0.0271503	 0.0282782
-0.2	0.2	22	24	0.841756	0.0110541	 0.0113675
0.2	0.3	22	24	0.749639	0.02789	 0.0285589
0.3	0.8	22	24	0.926491	0.00795062	 0.00827533
0.8	1.2	22	24	0.859023	0.0116781	 0.0118706
1.2	1.6	22	24	0.847159	0.0107912	 0.0113286
1.6	2.1	22	24	0.798782	0.0115674	 0.0117039
2.1	2.4	22	24	0.767618	0.0150688	 0.0147723
-2.4	-2.1	24	26	0.803312	0.0149396	 0.015422
-2.1	-1.6	24	26	0.825195	0.00964934	 0.00969368
-1.6	-1.2	24	26	0.895335	0.00927406	 0.00952093
-1.2	-0.8	24	26	0.870629	0.00977156	 0.0100811
-0.8	-0.3	24	26	0.938528	0.00656439	 0.00687314
-0.3	-0.2	24	26	0.691738	0.0224732	 0.023207
-0.2	0.2	24	26	0.87042	0.00881055	 0.00894212
0.2	0.3	24	26	0.730378	0.0211335	 0.0217153
0.3	0.8	24	26	0.929129	0.00561609	 0.00590778
0.8	1.2	24	26	0.841325	0.0097909	 0.00998934
1.2	1.6	24	26	0.87122	-0	 -0
1.6	2.1	24	26	0.846885	0.00923606	 0.00925234
2.1	2.4	24	26	0.789703	0.0130418	 0.0134361
-2.4	-2.1	26	30	0.810984	0.00876903	 0.00885302
-2.1	-1.6	26	30	0.848932	0.00630569	 0.00638868
-1.6	-1.2	26	30	0.898055	0.00037676	 0.00037676
-1.2	-0.8	26	30	0.876875	0.00617338	 0.00633686
-0.8	-0.3	26	30	0.939559	0.00351996	 0.00360454
-0.3	-0.2	26	30	0.703552	0.0138443	 0.0137963
-0.2	0.2	26	30	0.886169	0.00445305	 0.00444327
0.2	0.3	26	30	0.784261	0.012534	 0.012652
0.3	0.8	26	30	0.939587	0.00360042	 0.00366597
0.8	1.2	26	30	0.874616	0.00580901	 0.0058741
1.2	1.6	26	30	0.884474	0.00557519	 0.0056193
1.6	2.1	26	30	0.852475	0.00605261	 0.00622516
2.1	2.4	26	30	0.80557	0.00919891	 0.00930467
-2.4	-2.1	30	35	0.845175	0.00668843	 0.00671377
-2.1	-1.6	30	35	0.845157	0.00484718	 0.00487809
-1.6	-1.2	30	35	0.90643	0.00417144	 0.00417264
-1.2	-0.8	30	35	0.877891	0.00411237	 0.00416914
-0.8	-0.3	30	35	0.951003	0.00230627	 0.00229402
-0.3	-0.2	30	35	0.714092	0.00987088	 0.00993805
-0.2	0.2	30	35	0.903285	0.0032426	 0.00329437
0.2	0.3	30	35	0.769651	0.00929886	 0.00941094
0.3	0.8	30	35	0.948514	0.00229094	 0.00233878
0.8	1.2	30	35	0.871996	0.00430587	 0.00434501
1.2	1.6	30	35	0.908037	0.00414569	 0.00420376
1.6	2.1	30	35	0.86505	0.00447504	 0.00450132
2.1	2.4	30	35	0.813474	0.00705439	 0.00702285
-2.4	-2.1	35	40	0.852949	0.00550938	 0.0055673
-2.1	-1.6	35	40	0.855259	0.00414501	 0.00407628
-1.6	-1.2	35	40	0.921705	0.00309206	 0.00309555
-1.2	-0.8	35	40	0.883798	0.0031613	 0.00320232
-0.8	-0.3	35	40	0.955415	0.00178111	 0.0018179
-0.3	-0.2	35	40	0.745762	0.00821528	 0.00830186
-0.2	0.2	35	40	0.902454	0.0027537	 0.00276934
0.2	0.3	35	40	0.774166	0.00756304	 0.00762646
0.3	0.8	35	40	0.951723	0.0018795	 0.00191886
0.8	1.2	35	40	0.8815	0.00318091	 0.00323478
1.2	1.6	35	40	0.905096	0.00318067	 0.00322439
1.6	2.1	35	40	0.86669	0.00370213	 0.00374446
2.1	2.4	35	40	0.835779	0.00579332	 0.0056634
-2.4	-2.1	40	60	0.85779	0.00374162	 0.00375584
-2.1	-1.6	40	60	0.860581	0.00232804	 0.00232895
-1.6	-1.2	40	60	0.92768	0.00118224	 0.001362
-1.2	-0.8	40	60	0.879705	0.00197865	 0.0019792
-0.8	-0.3	40	60	0.956628	0.00110782	 0.0011235
-0.3	-0.2	40	60	0.760321	0.00473755	 0.00479528
-0.2	0.2	40	60	0.910023	0.00173627	 0.00175175
0.2	0.3	40	60	0.782021	0.0047795	 0.00478086
0.3	0.8	40	60	0.956665	0.00111289	 0.00112205
0.8	1.2	40	60	0.88313	0.00185248	 0.00187549
1.2	1.6	40	60	0.908879	0.00187428	 0.00187428
1.6	2.1	40	60	0.877833	0.0021843	 0.00217242
2.1	2.4	40	60	0.845304	0.00372962	 0.00374077
-2.4	-2.1	60	100	0.875228	0.01111	 0.0115039
-2.1	-1.6	60	100	0.872591	0.00688311	 0.00711166
-1.6	-1.2	60	100	0.930817	0.00527102	 0.00548743
-1.2	-0.8	60	100	0.876246	0.00608665	 0.00624558
-0.8	-0.3	60	100	0.953408	0.00349463	 0.00362165
-0.3	-0.2	60	100	0.707914	0.0157413	 0.0159715
-0.2	0.2	60	100	0.916897	0.004728	 0.00483821
0.2	0.3	60	100	0.763491	0.0153978	 0.0157401
0.3	0.8	60	100	0.955851	0.0031369	 0.00422624
0.8	1.2	60	100	0.878984	0.006422	 0.00659427
1.2	1.6	60	100	0.918081	0.00581764	 0.00581764
1.6	2.1	60	100	0.870621	0.00719988	 0.00742055
2.1	2.4	60	100	0.858543	0.0126122	 0.0130507
-2.4	-2.1	100	200	0.841929	0.0378932	 0.0417187
-2.1	-1.6	100	200	0.798267	0.0215837	 0.0229677
-1.6	-1.2	100	200	0.900558	0.0151029	 0.0165889
-1.2	-0.8	100	200	0.875778	0.0180551	 0.0192758
-0.8	-0.3	100	200	0.962732	0.00891491	 0.00990079
-0.3	-0.2	100	200	0.742828	0.0394905	 0.0394905
-0.2	0.2	100	200	0.915107	0.0124392	 0.0137235
0.2	0.3	100	200	0.759246	0.0435802	 0.0452527
0.3	0.8	100	200	0.957217	0.00804168	 0.00915417
0.8	1.2	100	200	0.882204	0.0199833	 0.0172955
1.2	1.6	100	200	0.857229	0.0197502	 0.0209094
1.6	2.1	100	200	0.860059	0.0177668	 0.0191057
2.1	2.4	100	200	0.819767	0.0365371	 0.040882
