etamin	etamax	ptmin	ptmax	eff	deff_high	deff_low
-2.4	-2.1	10	12	0.88856	0.0168777	 0.0183075
-2.1	-1.6	10	12	0.92368	0.0116987	 0.0126856
-1.6	-1.2	10	12	0.948433	0.0102422	 0.0109148
-1.2	-0.8	10	12	0.927099	0.0155099	 0.0171532
-0.8	-0.3	10	12	0.926737	0.0188092	 0.0216476
-0.3	-0.2	10	12	0.722069	0.0937263	 0.0946185
-0.2	0.2	10	12	0.91477	0.0263418	 0.0294703
0.2	0.3	10	12	0.845641	0.0566519	 0.0723304
0.3	0.8	10	12	0.946807	0.0129038	 0.0155016
0.8	1.2	10	12	0.904985	0.0164998	 0.0162139
1.2	1.6	10	12	0.961687	0.00988723	 0.011121
1.6	2.1	10	12	0.933303	0.00920583	 0.00998899
2.1	2.4	10	12	0.896308	0.0183947	 0.0198302
-2.4	-2.1	12	14	0.913529	0.0136713	 0.0125521
-2.1	-1.6	12	14	0.942508	0.00886753	 0.0095617
-1.6	-1.2	12	14	0.964744	0.00672758	 0.00747102
-1.2	-0.8	12	14	0.930418	0.010478	 0.0114237
-0.8	-0.3	12	14	0.94974	0.0113573	 0.0113237
-0.3	-0.2	12	14	0.828187	0.0533533	 0.0642596
-0.2	0.2	12	14	0.957591	0.0118808	 0.0145237
0.2	0.3	12	14	0.673433	0.0619506	 0.0665752
0.3	0.8	12	14	0.945278	0.00959411	 0.0108261
0.8	1.2	12	14	0.931974	0.011122	 0.0113753
1.2	1.6	12	14	0.94567	0.0091255	 0.00990015
1.6	2.1	12	14	0.942865	0.00734774	 0.00808262
2.1	2.4	12	14	0.906054	0.0130885	 0.0140826
-2.4	-2.1	14	16	0.896076	0.011089	 0.011799
-2.1	-1.6	14	16	0.923478	0.00831524	 0.00867008
-1.6	-1.2	14	16	0.969704	0.0061034	 0.00679145
-1.2	-0.8	14	16	0.921044	0.00897266	 0.00955567
-0.8	-0.3	14	16	0.938114	0.00899422	 0.00899422
-0.3	-0.2	14	16	0.760933	0.0406222	 0.0430064
-0.2	0.2	14	16	0.923286	0.0179232	 0.0149604
0.2	0.3	14	16	0.810519	0.0415801	 0.0412224
0.3	0.8	14	16	0.960999	0.00701313	 0.00795898
0.8	1.2	14	16	0.926235	0.00874186	 0.00946099
1.2	1.6	14	16	0.946905	0.00750395	 0.00807539
1.6	2.1	14	16	0.933099	0.0083916	 0.00891644
2.1	2.4	14	16	0.915136	0.0119369	 0.0127677
-2.4	-2.1	16	18	0.904002	0.00984646	 0.0105387
-2.1	-1.6	16	18	0.93092	0.0061423	 0.00655477
-1.6	-1.2	16	18	0.95933	0.00567835	 0.00611001
-1.2	-0.8	16	18	0.929094	0.00778509	 0.00798248
-0.8	-0.3	16	18	0.953194	0.00587099	 0.00639585
-0.3	-0.2	16	18	0.690077	0.0340748	 0.0361359
-0.2	0.2	16	18	0.918576	0.0121759	 0.0151453
0.2	0.3	16	18	0.703538	0.040015	 0.0395947
0.3	0.8	16	18	0.922795	0.00733548	 0.00781876
0.8	1.2	16	18	0.921416	0.00742997	 0.00788867
1.2	1.6	16	18	0.958849	0.00540622	 0.00590392
1.6	2.1	16	18	0.925614	0.00607648	 0.00638559
2.1	2.4	16	18	0.894601	0.0109742	 0.0122406
-2.4	-2.1	18	20	0.907757	0.00903512	 0.00901576
-2.1	-1.6	18	20	0.926054	0.00618858	 0.00649741
-1.6	-1.2	18	20	0.962841	-0	 -0
-1.2	-0.8	18	20	0.928108	0.00614461	 0.0065218
-0.8	-0.3	18	20	0.950894	0.00519977	 0.00544173
-0.3	-0.2	18	20	0.735693	0.028214	 0.0289442
-0.2	0.2	18	20	0.930827	0.00987463	 0.00925739
0.2	0.3	18	20	0.753386	0.025478	 0.0276036
0.3	0.8	18	20	0.954538	0.00495208	 0.00525522
0.8	1.2	18	20	0.924896	0.00710471	 0.00733692
1.2	1.6	18	20	0.961231	0.00487123	 0.00524185
1.6	2.1	18	20	0.934565	0.00566905	 0.00589325
2.1	2.4	18	20	0.914938	0.00850712	 0.00963958
-2.4	-2.1	20	25	0.916834	0.00431687	 0.00443703
-2.1	-1.6	20	25	0.930965	0.00329854	 0.00309505
-1.6	-1.2	20	25	0.962768	0.00219151	 0.00227896
-1.2	-0.8	20	25	0.928965	0.00325984	 0.00326874
-0.8	-0.3	20	25	0.95866	0.00227875	 0.00235649
-0.3	-0.2	20	25	0.730754	0.0114992	 0.0116675
-0.2	0.2	20	25	0.934493	0.00316535	 0.00325308
0.2	0.3	20	25	0.775742	0.0112395	 0.0113157
0.3	0.8	20	25	0.951664	0.00254642	 0.00260111
0.8	1.2	20	25	0.930207	0.00327193	 0.00331542
1.2	1.6	20	25	0.956689	0.00274318	 0.00346985
1.6	2.1	20	25	0.937374	0.00287711	 0.00289867
2.1	2.4	20	25	0.919672	0.00469297	 0.00485221
-2.4	-2.1	25	30	0.929291	0.00366952	 0.00371758
-2.1	-1.6	25	30	0.929396	0.00231194	 0.0023486
-1.6	-1.2	25	30	0.960558	0.00207497	 0.00213398
-1.2	-0.8	25	30	0.931234	0.00269601	 0.0026451
-0.8	-0.3	25	30	0.954995	0.00174559	 0.00175215
-0.3	-0.2	25	30	0.765382	0.00735003	 0.00746073
-0.2	0.2	25	30	0.938952	0.00220489	 0.00214388
0.2	0.3	25	30	0.761141	0.00736791	 0.00746429
0.3	0.8	25	30	0.954645	0.00161831	 0.00165565
0.8	1.2	25	30	0.926051	0.00261359	 0.00265289
1.2	1.6	25	30	0.954245	0.00218294	 0.00219909
1.6	2.1	25	30	0.932682	0.00231618	 0.00232046
2.1	2.4	25	30	0.918006	0.00393085	 0.00389865
-2.4	-2.1	30	35	0.929971	0.00331451	 0.00327783
-2.1	-1.6	30	35	0.931601	0.00204285	 0.00204597
-1.6	-1.2	30	35	0.959842	0.00169611	 0.00171773
-1.2	-0.8	30	35	0.929144	0.00207824	 0.00202585
-0.8	-0.3	30	35	0.955377	0.00131473	 0.00131637
-0.3	-0.2	30	35	0.748175	0.00608364	 0.00612599
-0.2	0.2	30	35	0.93659	0.0016786	 0.00167193
0.2	0.3	30	35	0.770095	0.00578209	 0.00582108
0.3	0.8	30	35	0.954166	0.00125849	 0.00128193
0.8	1.2	30	35	0.929135	0.00204169	 0.00206689
1.2	1.6	30	35	0.952839	0.00184554	 0.00184676
1.6	2.1	30	35	0.933925	0.00197507	 0.00198466
2.1	2.4	30	35	0.925381	0.00319373	 0.00324062
-2.4	-2.1	35	40	0.931351	0.00251077	 0.00252859
-2.1	-1.6	35	40	0.93355	0.00176707	 0.00177349
-1.6	-1.2	35	40	0.957948	0.00136125	 0.00137551
-1.2	-0.8	35	40	0.924821	0.0015988	 0.00161242
-0.8	-0.3	35	40	0.953595	0.00106699	 0.00107223
-0.3	-0.2	35	40	0.761663	0.00495974	 0.00499005
-0.2	0.2	35	40	0.937532	0.00142073	 0.00141841
0.2	0.3	35	40	0.772899	0.00502356	 0.00490288
0.3	0.8	35	40	0.955576	0.00110675	 0.00108331
0.8	1.2	35	40	0.925411	0.00164298	 0.00165581
1.2	1.6	35	40	0.954368	0.0014132	 0.00143742
1.6	2.1	35	40	0.935191	0.00171587	 0.00171005
2.1	2.4	35	40	0.926419	0.00267601	 0.00268067
-2.4	-2.1	40	60	0.932068	0.0017165	 0.00173181
-2.1	-1.6	40	60	0.932942	0.00105877	 0.00105883
-1.6	-1.2	40	60	0.950581	0.000905983	 0.000911095
-1.2	-0.8	40	60	0.926528	0.00094596	 0.000946218
-0.8	-0.3	40	60	0.954505	0.000711164	 0.000706274
-0.3	-0.2	40	60	0.752666	0.00322471	 0.00321189
-0.2	0.2	40	60	0.9379	0.000915178	 0.00091325
0.2	0.3	40	60	0.768854	0.00324422	 0.00325269
0.3	0.8	40	60	0.953651	0.000708779	 0.000707303
0.8	1.2	40	60	0.924356	0.00102662	 0.00102723
1.2	1.6	40	60	0.947558	0.000930168	 0.000937236
1.6	2.1	40	60	0.935063	0.00103825	 0.00104402
2.1	2.4	40	60	0.924644	0.0018205	 0.00183962
-2.4	-2.1	60	100	0.928409	0.00525414	 0.00536329
-2.1	-1.6	60	100	0.926722	0.00348836	 0.00353796
-1.6	-1.2	60	100	0.905791	0.00378565	 0.0038139
-1.2	-0.8	60	100	0.92814	0.00323623	 0.00333256
-0.8	-0.3	60	100	0.952072	0.00217951	 0.00220847
-0.3	-0.2	60	100	0.724052	0.0105014	 0.0106455
-0.2	0.2	60	100	0.934013	0.00290233	 0.00296638
0.2	0.3	60	100	0.746886	0.00949209	 0.00975678
0.3	0.8	60	100	0.949368	0.00225029	 0.00226977
0.8	1.2	60	100	0.92379	0.00302635	 0.00311323
1.2	1.6	60	100	0.925924	0.00330264	 0.003369
1.6	2.1	60	100	0.930745	0.00337372	 0.00338085
2.1	2.4	60	100	0.925539	0.00581524	 0.00588871
-2.4	-2.1	100	200	0.918822	0.0231447	 0.0248822
-2.1	-1.6	100	200	0.906104	0.0126599	 0.0133935
-1.6	-1.2	100	200	0.836541	0.0122176	 0.01278
-1.2	-0.8	100	200	0.915376	0.0098097	 0.0103005
-0.8	-0.3	100	200	0.941891	0.00680316	 0.00711121
-0.3	-0.2	100	200	0.760214	0.0260688	 0.0276766
-0.2	0.2	100	200	0.937012	0.00687242	 0.00753469
0.2	0.3	100	200	0.776337	0.0259891	 0.0268601
0.3	0.8	100	200	0.945299	0.00600203	 0.00640625
0.8	1.2	100	200	0.925343	0.00910395	 0.00970512
1.2	1.6	100	200	0.83697	0.013106	 0.0134924
1.6	2.1	100	200	0.889244	0.0123701	 0.0130733
2.1	2.4	100	200	0.867239	0.0229021	 0.0247408
