etamin	etamax	ptmin	ptmax	eff	deff_high	deff_low
-2.4	-2.1	10	12	0.754703	0.0213669	 0.0219224
-2.1	-1.6	10	12	0.748733	0.0151552	 0.0153039
-1.6	-1.2	10	12	0.735778	0.01793	 0.018146
-1.2	-0.8	10	12	0.654615	0.021346	 0.0215715
-0.8	-0.3	10	12	0.644508	0.0253706	 0.0255171
-0.3	0.3	10	12	0.566391	0.0307367	 0.030585
0.3	0.8	10	12	0.623033	0.0338904	 0.0266461
0.8	1.2	10	12	0.689237	0.0210313	 0.0205585
1.2	1.6	10	12	0.715498	0.000287433	 0.000287433
1.6	2.1	10	12	0.744887	0.0150145	 0.0152139
2.1	2.4	10	12	0.740669	0.0205224	 0.0208367
-2.4	-2.1	12	14	0.793303	0.0159846	 0.0164179
-2.1	-1.6	12	14	0.797428	0.0125342	 0.012664
-1.6	-1.2	12	14	0.754712	0.0144367	 0.0145617
-1.2	-0.8	12	14	0.707607	0.0157638	 0.0158932
-0.8	-0.3	12	14	0.656014	0.0199644	 0.0196782
-0.3	0.3	12	14	0.656379	0.0219298	 0.0221296
0.3	0.8	12	14	0.719709	0.0179738	 0.0182454
0.8	1.2	12	14	0.710695	0.0160496	 0.0162796
1.2	1.6	12	14	0.752726	0.0148041	 0.0149263
1.6	2.1	12	14	0.786197	0.0124171	 0.0133077
2.1	2.4	12	14	0.771312	0.0163446	 0.0167306
-2.4	-2.1	14	16	0.797804	0.0113245	 0.0116355
-2.1	-1.6	14	16	0.819245	0.00959083	 0.00975056
-1.6	-1.2	14	16	0.803844	0.0115309	 0.0117261
-1.2	-0.8	14	16	0.761767	0.0127406	 0.0128837
-0.8	-0.3	14	16	0.727401	0.0139105	 0.0140503
-0.3	0.3	14	16	0.684472	0.0151585	 0.0153138
0.3	0.8	14	16	0.682985	0.0142021	 0.0143294
0.8	1.2	14	16	0.762779	0.00072984	 0.00072984
1.2	1.6	14	16	0.779026	0.0118159	 0.0120215
1.6	2.1	14	16	0.806649	0.0102838	 0.0104802
2.1	2.4	14	16	0.80888	0.0137743	 0.0141398
-2.4	-2.1	16	18	0.844068	0.0116241	 0.0122896
-2.1	-1.6	16	18	0.834947	0.00829747	 0.00851052
-1.6	-1.2	16	18	0.828028	0.0091697	 0.00935081
-1.2	-0.8	16	18	0.774485	0.0104332	 0.0105749
-0.8	-0.3	16	18	0.75935	0.0111275	 0.0112568
-0.3	0.3	16	18	0.716094	0.0121393	 0.0123369
0.3	0.8	16	18	0.763766	0.0105363	 0.0106706
0.8	1.2	16	18	0.794507	0.0100376	 0.0101821
1.2	1.6	16	18	0.821822	0.00966877	 0.00984409
1.6	2.1	16	18	0.861666	0.00770542	 0.00788962
2.1	2.4	16	18	0.838539	0.0118287	 0.0116921
-2.4	-2.1	18	20	0.860862	0.00895489	 0.009448
-2.1	-1.6	18	20	0.87532	0.0064697	 0.00663849
-1.6	-1.2	18	20	0.840219	0.00787522	 0.00804128
-1.2	-0.8	18	20	0.819244	0.00849647	 0.0086705
-0.8	-0.3	18	20	0.790065	0.008658	 0.00876857
-0.3	0.3	18	20	0.753088	0.00946925	 0.00960635
0.3	0.8	18	20	0.775091	0.00866508	 0.00892033
0.8	1.2	18	20	0.82011	0.00849931	 0.0086549
1.2	1.6	18	20	0.850237	0.00782318	 0.0080196
1.6	2.1	18	20	0.873497	0.00647901	 0.00663228
2.1	2.4	18	20	0.865847	0.00893819	 0.00918143
-2.4	-2.1	20	22	0.88859	0.00751506	 0.00786214
-2.1	-1.6	20	22	0.894499	0.00528352	 0.0054273
-1.6	-1.2	20	22	0.874958	0.00638065	 0.00653032
-1.2	-0.8	20	22	0.836128	0.0070023	 0.0071222
-0.8	-0.3	20	22	0.823878	0.00664386	 0.00677975
-0.3	0.3	20	22	0.763459	0.0150799	 0.0072103
0.3	0.8	20	22	0.82127	0.00696058	 0.00716507
0.8	1.2	20	22	0.846726	0.00687218	 0.00699511
1.2	1.6	20	22	0.866975	0.00649969	 0.00663343
1.6	2.1	20	22	0.881895	0.00546968	 0.00558905
2.1	2.4	20	22	0.895805	0.00738378	 0.00760557
-2.4	-2.1	22	24	0.914496	0.00634648	 0.00660843
-2.1	-1.6	22	24	0.902525	0.0045931	 0.00474081
-1.6	-1.2	22	24	0.889068	0.00559516	 0.00572433
-1.2	-0.8	22	24	0.859685	0.0059431	 0.00610567
-0.8	-0.3	22	24	0.840557	0.00576757	 0.00591247
-0.3	0.3	22	24	0.823719	0.00579155	 0.00590303
0.3	0.8	22	24	0.840515	0.00582749	 0.00589169
0.8	1.2	22	24	0.862033	0.00599356	 0.00611633
1.2	1.6	22	24	0.886955	0.00562413	 0.00576395
1.6	2.1	22	24	0.90486	0.00466868	 0.00481317
2.1	2.4	22	24	0.89353	0.00590946	 0.00612044
-2.4	-2.1	24	26	0.927353	0.0054927	 0.00567017
-2.1	-1.6	24	26	0.920433	0.00423686	 0.0043921
-1.6	-1.2	24	26	0.91387	0.00446729	 0.00460674
-1.2	-0.8	24	26	0.878248	0.00523786	 0.00528671
-0.8	-0.3	24	26	0.863504	0.00472454	 0.00482419
-0.3	0.3	24	26	0.845209	0.00490794	 0.00472672
0.3	0.8	24	26	0.861507	0.00477715	 0.00488987
0.8	1.2	24	26	0.878752	0.00506769	 0.00518854
1.2	1.6	24	26	0.901375	0.0049402	 0.0051472
1.6	2.1	24	26	0.917985	0.00404368	 0.00416489
2.1	2.4	24	26	0.920969	0.0056992	 0.0060133
-2.4	-2.1	26	30	0.939835	0.00333163	 0.00338259
-2.1	-1.6	26	30	0.933335	0.00258156	 0.0027466
-1.6	-1.2	26	30	0.922981	0.00277968	 0.00284616
-1.2	-0.8	26	30	0.904327	0.00306318	 0.00313165
-0.8	-0.3	26	30	0.888428	0.00261917	 0.00265415
-0.3	0.3	26	30	0.882593	0.0022725	 0.00228317
0.3	0.8	26	30	0.892251	0.00260468	 0.00261652
0.8	1.2	26	30	0.906268	0.00298682	 0.00304867
1.2	1.6	26	30	0.92073	0.00291614	 0.00299851
1.6	2.1	26	30	0.936128	0.00250766	 0.00248118
2.1	2.4	26	30	0.93497	0.0033874	 0.00350298
-2.4	-2.1	30	35	0.959493	0.00219825	 0.00225614
-2.1	-1.6	30	35	0.954874	0.00163933	 0.00167402
-1.6	-1.2	30	35	0.944522	0.00191407	 0.00195338
-1.2	-0.8	30	35	0.93148	0.001936	 0.0019574
-0.8	-0.3	30	35	0.920414	0.00162282	 0.00161957
-0.3	0.3	30	35	0.917466	0.00142784	 0.00142776
0.3	0.8	30	35	0.922285	0.00161097	 0.00161265
0.8	1.2	30	35	0.926883	0.00194367	 0.00196816
1.2	1.6	30	35	0.943425	0.00196367	 0.00200003
1.6	2.1	30	35	0.954542	0.00163554	 0.00166279
2.1	2.4	30	35	0.950261	0.00225924	 0.00228973
-2.4	-2.1	35	40	0.971735	0.00153738	 0.00157496
-2.1	-1.6	35	40	0.969828	0.00113777	 0.00115094
-1.6	-1.2	35	40	0.963688	0.00126715	 0.00127852
-1.2	-0.8	35	40	0.955373	0.00121864	 0.0012342
-0.8	-0.3	35	40	0.946964	0.00108963	 0.00110146
-0.3	0.3	35	40	0.940749	0.00102279	 0.00103135
0.3	0.8	35	40	0.948589	0.00106564	 0.00107176
0.8	1.2	35	40	0.954184	0.0012299	 0.0012477
1.2	1.6	35	40	0.961744	0.00125587	 0.00127776
1.6	2.1	35	40	0.969031	0.00114846	 0.00116613
2.1	2.4	35	40	0.970205	0.00162728	 0.00166572
-2.4	-2.1	40	50	0.98479	0.000812937	 0.000828028
-2.1	-1.6	40	50	0.984934	0.000511437	 0.000517385
-1.6	-1.2	40	50	0.982729	0.000536714	 0.000545529
-1.2	-0.8	40	50	0.976556	0.000586442	 0.000590043
-0.8	-0.3	40	50	0.971614	0.000555474	 0.000558565
-0.3	0.3	40	50	0.968052	0.000530831	 0.000535494
0.3	0.8	40	50	0.972186	0.000546205	 0.000551722
0.8	1.2	40	50	0.976311	1.86979e-05	 1.86979e-05
1.2	1.6	40	50	0.980988	0.000555016	 0.000559855
1.6	2.1	40	50	0.984664	1.40933e-05	 1.40933e-05
2.1	2.4	40	50	0.984202	1.31816e-05	 1.31816e-05
-2.4	-2.1	50	60	0.987986	0.00155418	 0.00165422
-2.1	-1.6	50	60	0.991493	0.000827543	 0.000863693
-1.6	-1.2	50	60	0.987082	0.000991461	 0.00102832
-1.2	-0.8	50	60	0.984663	0.00100284	 0.00103605
-0.8	-0.3	50	60	0.981658	0.000964702	 0.000986053
-0.3	0.3	50	60	0.978642	0.000948713	 0.000963286
0.3	0.8	50	60	0.982404	0.000952801	 0.00097923
0.8	1.2	50	60	0.986638	0.000996209	 0.00102931
1.2	1.6	50	60	0.988307	0.00097998	 0.00101844
1.6	2.1	50	60	0.991128	0.00084123	 0.000879197
2.1	2.4	50	60	0.987366	0.00133742	 0.00140544
-2.4	-2.1	60	80	0.993615	0.00181385	 0.00197757
-2.1	-1.6	60	80	0.993378	0.0011169	 0.00121007
-1.6	-1.2	60	80	0.989905	0.00135701	 0.00144416
-1.2	-0.8	60	80	0.988122	0.00133405	 0.00140794
-0.8	-0.3	60	80	0.985199	0.00130707	 0.00135983
-0.3	0.3	60	80	0.983651	0.00120278	 0.00124896
0.3	0.8	60	80	0.986558	0.00120899	 0.00127167
0.8	1.2	60	80	0.988346	0.00134712	 0.00141634
1.2	1.6	60	80	0.990874	0.00133639	 0.00141517
1.6	2.1	60	80	0.991546	0.00121898	 0.00130689
2.1	2.4	60	80	0.99166	0.00197704	 0.00216163
-2.4	-2.1	80	120	0.999998	2.23805e-06	 0.00299589
-2.1	-1.6	80	120	0.995068	0.00190721	 0.00219929
-1.6	-1.2	80	120	0.99407	0.00188398	 0.00213855
-1.2	-0.8	80	120	0.989031	0.00260711	 0.00241942
-0.8	-0.3	80	120	0.989406	0.00194184	 0.00212409
-0.3	0.3	80	120	0.988961	0.00175223	 0.00189778
0.3	0.8	80	120	0.989391	0.00187241	 0.00203283
0.8	1.2	80	120	0.987828	0.00238048	 0.00260139
1.2	1.6	80	120	0.993022	0.00187465	 0.0021285
1.6	2.1	80	120	0.996807	0.00141151	 0.00168871
2.1	2.4	80	120	0.995572	0.00310417	 0.00373362
-2.4	-2.1	120	200	0.987604	0.0123955	 0.0195367
-2.1	-1.6	120	200	0.985751	0.00472726	 0.00606554
-1.6	-1.2	120	200	0.999863	0.000136599	 0.00454008
-1.2	-0.8	120	200	0.990417	0.0037987	 0.00472937
-0.8	-0.3	120	200	0.984661	0.00463855	 0.0088114
-0.3	0.3	120	200	0.992567	0.00315409	 0.00387079
0.3	0.8	120	200	0.994287	0.00263642	 0.00329555
0.8	1.2	120	200	0.991715	0.00495726	 0.00653646
1.2	1.6	120	200	0.989461	0.00523103	 0.00608409
1.6	2.1	120	200	0.984265	0.00549445	 0.00669305
2.1	2.4	120	200	0.986747	0.00729904	 0.0116755
