etamin	etamax	ptmin	ptmax	eff	deff_high	deff_low
-2.4	-2.1	10	15	0	0	 0
-2.1	-1.6	10	15	0	0	 0
-1.6	-1.2	10	15	0	0	 0
-1.2	-0.8	10	15	0	0	 0
-0.8	-0.3	10	15	0	0	 0
-0.3	-0.2	10	15	0	0	 0
-0.2	0.2	10	15	0	0	 0
0.2	0.3	10	15	0	0	 0
0.3	0.8	10	15	0	0	 0
0.8	1.2	10	15	0	0	 0
1.2	1.6	10	15	0	0	 0
1.6	2.1	10	15	0	0	 0
2.1	2.4	10	15	0	0	 0
-2.4	-2.1	15	16	0.0169521	0.00782956	 0.00602026
-2.1	-1.6	15	16	0.0158545	0.00524805	 0.00430604
-1.6	-1.2	15	16	0	0	 0
-1.2	-0.8	15	16	0	0	 0
-0.8	-0.3	15	16	0	0	 0
-0.3	-0.2	15	16	0	0	 0
-0.2	0.2	15	16	0	0	 0
0.2	0.3	15	16	0	0	 0
0.3	0.8	15	16	0	0	 0
0.8	1.2	15	16	0.0102603	0.00653189	 0.0054861
1.2	1.6	15	16	0.0102081	0.0054373	 0.00435352
1.6	2.1	15	16	0.0128437	0.00510087	 0.00493108
2.1	2.4	15	16	0	0	 0
-2.4	-2.1	16	17	0.0523479	0.0138611	 0.0124554
-2.1	-1.6	16	17	0.0661803	0.0103301	 0.00976933
-1.6	-1.2	16	17	0.0458869	0.0116794	 0.0101337
-1.2	-0.8	16	17	0.0321047	0.00909447	 0.00788107
-0.8	-0.3	16	17	0.0343194	0.00873359	 0.00771713
-0.3	-0.2	16	17	0	0	 0
-0.2	0.2	16	17	0.0321598	0.011016	 0.00902498
0.2	0.3	16	17	0.0355944	0.0242164	 0.0167067
0.3	0.8	16	17	0.035805	0.00852419	 0.00735682
0.8	1.2	16	17	0.0363849	0.00896658	 0.00866565
1.2	1.6	16	17	0.0588313	0.0095761	 0.00870391
1.6	2.1	16	17	0.0641781	0.0092565	 0.00858144
2.1	2.4	16	17	0.0621258	0.0175769	 0.0140384
-2.4	-2.1	17	18	0.608156	0.0272903	 0.0255349
-2.1	-1.6	17	18	0.779363	0.0144586	 0.0149664
-1.6	-1.2	17	18	0.854499	0.0139523	 0.0144504
-1.2	-0.8	17	18	0.875249	0.014259	 0.016756
-0.8	-0.3	17	18	0.912014	0.0110215	 0.0118952
-0.3	-0.2	17	18	0.680367	0.0448855	 0.0480466
-0.2	0.2	17	18	0.892013	0.0156459	 0.017125
0.2	0.3	17	18	0.794002	0.0553102	 0.0604638
0.3	0.8	17	18	0.878234	0.0121305	 0.0129541
0.8	1.2	17	18	0.865155	0.0146942	 0.016478
1.2	1.6	17	18	0.845037	0.0142848	 0.0148051
1.6	2.1	17	18	0.79892	0.0151421	 0.0148997
2.1	2.4	17	18	0.589002	0.0252346	 0.0253706
-2.4	-2.1	18	19	0.733395	0.0190042	 0.0198768
-2.1	-1.6	18	19	0.876329	0.0116988	 0.012256
-1.6	-1.2	18	19	0.941482	0.00801569	 0.00880024
-1.2	-0.8	18	19	0.905789	0.0103767	 0.0111294
-0.8	-0.3	18	19	0.943363	0.00901301	 0.00919416
-0.3	-0.2	18	19	0.736754	0.0523219	 0.0465067
-0.2	0.2	18	19	0.928963	0.0129586	 0.0138572
0.2	0.3	18	19	0.754717	0.0330103	 0.0404098
0.3	0.8	18	19	0.954973	0.00726857	 0.00791345
0.8	1.2	18	19	0.913925	0.0111755	 0.0117268
1.2	1.6	18	19	0.937946	0.00799994	 0.00873047
1.6	2.1	18	19	0.876828	0.0114412	 0.0118624
2.1	2.4	18	19	0.716734	0.0217832	 0.0214352
-2.4	-2.1	19	20	0.732456	0.0198699	 0.0207095
-2.1	-1.6	19	20	0.885973	0.0102661	 0.0105487
-1.6	-1.2	19	20	0.945085	0.0080695	 0.00867998
-1.2	-0.8	19	20	0.92767	0.00832017	 0.00900355
-0.8	-0.3	19	20	0.953414	0.00639341	 0.00701451
-0.3	-0.2	19	20	0.742095	0.0363696	 0.0390237
-0.2	0.2	19	20	0.930608	0.000670962	 0.000670962
0.2	0.3	19	20	0.749056	0.0349757	 0.0378591
0.3	0.8	19	20	0.95331	0.00669939	 0.00724671
0.8	1.2	19	20	0.917474	0.0099818	 0.00924286
1.2	1.6	19	20	0.941894	0.00810086	 0.00848825
1.6	2.1	19	20	0.892602	0.00919602	 0.00962078
2.1	2.4	19	20	0.753603	0.0177937	 0.0188871
-2.4	-2.1	20	21	0.763536	0.0170265	 0.0177107
-2.1	-1.6	20	21	0.891943	0.00973501	 0.00904317
-1.6	-1.2	20	21	0.957925	0.00672206	 0.00725175
-1.2	-0.8	20	21	0.925939	0.00974377	 0.00871749
-0.8	-0.3	20	21	0.945616	0.00624076	 0.00676481
-0.3	-0.2	20	21	0.742988	0.0307209	 0.0320849
-0.2	0.2	20	21	0.947732	0.00792016	 0.00876026
0.2	0.3	20	21	0.77606	0.0327929	 0.0340865
0.3	0.8	20	21	0.95482	0.00606337	 0.00636524
0.8	1.2	20	21	0.929519	0.00869496	 0.00922663
1.2	1.6	20	21	0.935853	0.00787691	 0.00818447
1.6	2.1	20	21	0.8957	0.00875885	 0.00905993
2.1	2.4	20	21	0.763158	0.0162429	 0.0168145
-2.4	-2.1	21	22	0.777829	0.0150319	 0.0155981
-2.1	-1.6	21	22	0.899966	0.00815606	 0.00838897
-1.6	-1.2	21	22	0.949893	0.00588442	 0.0063382
-1.2	-0.8	21	22	0.913369	0.00876892	 0.00909129
-0.8	-0.3	21	22	0.951927	0.00617184	 0.00645776
-0.3	-0.2	21	22	0.793132	0.0257579	 0.0277685
-0.2	0.2	21	22	0.936925	0.00756736	 0.00822377
0.2	0.3	21	22	0.732257	0.0284883	 0.0299851
0.3	0.8	21	22	0.94564	0.00625517	 0.00660941
0.8	1.2	21	22	0.921866	0.00741007	 0.00787186
1.2	1.6	21	22	0.938292	0.00680608	 0.00734084
1.6	2.1	21	22	0.90315	0.00804461	 0.00834143
2.1	2.4	21	22	0.753356	0.016614	 0.0169244
-2.4	-2.1	22	24	0.770819	0.0116005	 0.0118483
-2.1	-1.6	22	24	0.904559	0.00528771	 0.00515332
-1.6	-1.2	22	24	0.95648	0.00363088	 0.00384309
-1.2	-0.8	22	24	0.924094	0.0048515	 0.0050655
-0.8	-0.3	22	24	0.962989	0.00327666	 0.00339022
-0.3	-0.2	22	24	0.710245	0.0164594	 0.0168417
-0.2	0.2	22	24	0.934877	0.00499589	 0.00519477
0.2	0.3	22	24	0.792419	0.0177655	 0.0185344
0.3	0.8	22	24	0.951672	0.0038608	 0.0039592
0.8	1.2	22	24	0.928294	0.00530388	 0.00517726
1.2	1.6	22	24	0.949042	0.00399931	 0.00419491
1.6	2.1	22	24	0.910058	0.00541563	 0.00557798
2.1	2.4	22	24	0.771038	0.0164471	 0.0105096
-2.4	-2.1	24	26	0.812207	0.00937474	 0.00946588
-2.1	-1.6	24	26	0.901495	0.00546419	 0.00505966
-1.6	-1.2	24	26	0.952527	0.00347769	 0.00365873
-1.2	-0.8	24	26	0.931055	0.00454402	 0.00458454
-0.8	-0.3	24	26	0.958894	0.00283137	 0.00296347
-0.3	-0.2	24	26	0.75221	0.0139663	 0.0143897
-0.2	0.2	24	26	0.935844	0.00421425	 0.0041903
0.2	0.3	24	26	0.773142	0.0138962	 0.0143496
0.3	0.8	24	26	0.95555	0.00336953	 0.00350081
0.8	1.2	24	26	0.921925	0.00466348	 0.00477704
1.2	1.6	24	26	0.950168	0.00419296	 0.00441119
1.6	2.1	24	26	0.913967	0.00454566	 0.00458524
2.1	2.4	24	26	0.802767	0.00889259	 0.0091106
-2.4	-2.1	26	30	0.825316	0.00586296	 0.00585895
-2.1	-1.6	26	30	0.915192	0.00273673	 0.00279068
-1.6	-1.2	26	30	0.956848	0.00241734	 0.00247253
-1.2	-0.8	26	30	0.928043	0.00295901	 0.00292872
-0.8	-0.3	26	30	0.955414	0.00188642	 0.00190306
-0.3	-0.2	26	30	0.758493	0.00816457	 0.00827246
-0.2	0.2	26	30	0.938426	0.00220642	 0.00222833
0.2	0.3	26	30	0.761575	0.00798605	 0.00809833
0.3	0.8	26	30	0.953458	0.00179769	 0.00183793
0.8	1.2	26	30	0.924189	0.00289581	 0.00292362
1.2	1.6	26	30	0.948287	0.00236663	 0.00241531
1.6	2.1	26	30	0.915999	0.0027728	 0.00281927
2.1	2.4	26	30	0.810602	0.00561855	 0.00571922
-2.4	-2.1	30	35	0.846593	0.00438563	 0.00441866
-2.1	-1.6	30	35	0.918987	0.00220435	 0.00223299
-1.6	-1.2	30	35	0.957533	0.00173188	 0.00174103
-1.2	-0.8	30	35	0.927025	0.00214798	 0.00209645
-0.8	-0.3	30	35	0.955261	0.00131081	 0.00131677
-0.3	-0.2	30	35	0.747593	0.0061027	 0.00616801
-0.2	0.2	30	35	0.936605	0.00168357	 0.00167409
0.2	0.3	30	35	0.770038	0.00579999	 0.00582923
0.3	0.8	30	35	0.953862	0.00126685	 0.00128614
0.8	1.2	30	35	0.926504	0.00209617	 0.00208505
1.2	1.6	30	35	0.950002	0.00187441	 0.0018834
1.6	2.1	30	35	0.922834	0.00212394	 0.00212787
2.1	2.4	30	35	0.839149	0.00427638	 0.00426925
-2.4	-2.1	35	40	0.859111	0.00353024	 0.00354756
-2.1	-1.6	35	40	0.924227	0.00188919	 0.00189524
-1.6	-1.2	35	40	0.955298	0.00140547	 0.00142106
-1.2	-0.8	35	40	0.923664	0.00161714	 0.00162271
-0.8	-0.3	35	40	0.953625	0.00107256	 0.00107938
-0.3	-0.2	35	40	0.761022	0.00497207	 0.00501073
-0.2	0.2	35	40	0.937792	0.00142674	 0.00141371
0.2	0.3	35	40	0.772264	0.00502894	 0.00493879
0.3	0.8	35	40	0.955696	0.00110942	 0.00109762
0.8	1.2	35	40	0.923212	0.00166742	 0.00167991
1.2	1.6	35	40	0.952256	0.0014509	 0.00145073
1.6	2.1	35	40	0.926038	0.00180721	 0.00179818
2.1	2.4	35	40	0.851577	0.0033783	 0.00337575
-2.4	-2.1	40	60	0.879224	0.00227357	 0.00228446
-2.1	-1.6	40	60	0.927105	0.00110624	 0.00110774
-1.6	-1.2	40	60	0.948901	0.000921931	 0.000927843
-1.2	-0.8	40	60	0.925428	0.00101927	 0.00101962
-0.8	-0.3	40	60	0.954637	0.000709487	 0.000711517
-0.3	-0.2	40	60	0.752219	0.00323289	 0.00320066
-0.2	0.2	40	60	0.938179	0.000910783	 0.000906377
0.2	0.3	40	60	0.76807	0.00324869	 0.00326185
0.3	0.8	40	60	0.953495	0.00071026	 0.000711248
0.8	1.2	40	60	0.921611	0.000975375	 0.000981212
1.2	1.6	40	60	0.945784	0.00094581	 0.000955588
1.6	2.1	40	60	0.929168	0.00108534	 0.00109047
2.1	2.4	40	60	0.869729	0.00232025	 0.00233614
-2.4	-2.1	60	100	0.894838	0.00600739	 0.00625801
-2.1	-1.6	60	100	0.921572	0.0035969	 0.00365357
-1.6	-1.2	60	100	0.904655	0.00377334	 0.00381803
-1.2	-0.8	60	100	0.928353	0.00322787	 0.003307
-0.8	-0.3	60	100	0.952746	0.00217228	 0.00220158
-0.3	-0.2	60	100	0.721875	0.0105612	 0.0105989
-0.2	0.2	60	100	0.934166	0.00292711	 0.002955
0.2	0.3	60	100	0.746039	0.0094285	 0.00979548
0.3	0.8	60	100	0.949648	0.00223706	 0.00227198
0.8	1.2	60	100	0.922438	0.0030518	 0.00313484
1.2	1.6	60	100	0.92543	0.00331628	 0.00338563
1.6	2.1	60	100	0.927241	0.00359124	 0.00352546
2.1	2.4	60	100	0.892082	0.00669107	 0.0067799
-2.4	-2.1	100	200	0.899489	0.0298517	 0.0309903
-2.1	-1.6	100	200	0.905901	0.012736	 0.0134343
-1.6	-1.2	100	200	0.836763	0.011994	 0.0125376
-1.2	-0.8	100	200	0.913558	0.00985326	 0.0103096
-0.8	-0.3	100	200	0.943004	0.00670139	 0.00699377
-0.3	-0.2	100	200	0.760214	0.0260688	 0.0276766
-0.2	0.2	100	200	0.936727	0.00689478	 0.007534
0.2	0.3	100	200	0.772397	0.0260478	 0.026924
0.3	0.8	100	200	0.944472	0.00604108	 0.00645463
0.8	1.2	100	200	0.922152	0.00928357	 0.00988682
1.2	1.6	100	200	0.837411	0.0131508	 0.0135318
1.6	2.1	100	200	0.888882	0.0123427	 0.0131355
2.1	2.4	100	200	0.846848	0.0236393	 0.0256724
