etamin	etamax	ptmin	ptmax	eff	deff_high	deff_low
-2.4	-2.1	10	15	0	0	 0
-2.1	-1.6	10	15	0	0	 0
-1.6	-1.2	10	15	0	0	 0
-1.2	-0.8	10	15	0	0	 0
-0.8	-0.3	10	15	0	0	 0
-0.3	-0.2	10	15	0	0	 0
-0.2	0.2	10	15	0	0	 0
0.2	0.3	10	15	0	0	 0
0.3	0.8	10	15	0	0	 0
0.8	1.2	10	15	0	0	 0
1.2	1.6	10	15	0	0	 0
1.6	2.1	10	15	0	0	 0
2.1	2.4	10	15	0	0	 0
-2.4	-2.1	15	16	0	0	 0
-2.1	-1.6	15	16	0	0	 0
-1.6	-1.2	15	16	0	0	 0
-1.2	-0.8	15	16	0	0	 0
-0.8	-0.3	15	16	0	0	 0
-0.3	-0.2	15	16	0	0	 0
-0.2	0.2	15	16	0	0	 0
0.2	0.3	15	16	0	0	 0
0.3	0.8	15	16	0	0	 0
0.8	1.2	15	16	0	0	 0
1.2	1.6	15	16	0	0	 0
1.6	2.1	15	16	0	0	 0
2.1	2.4	15	16	0	0	 0
-2.4	-2.1	16	17	0	0	 0
-2.1	-1.6	16	17	0	0	 0
-1.6	-1.2	16	17	0	0	 0
-1.2	-0.8	16	17	0	0	 0
-0.8	-0.3	16	17	0	0	 0
-0.3	-0.2	16	17	0	0	 0
-0.2	0.2	16	17	0	0	 0
0.2	0.3	16	17	0	0	 0
0.3	0.8	16	17	0	0	 0
0.8	1.2	16	17	0	0	 0
1.2	1.6	16	17	0	0	 0
1.6	2.1	16	17	0	0	 0
2.1	2.4	16	17	0	0	 0
-2.4	-2.1	17	18	0.0110539	0.0124047	 0.00703445
-2.1	-1.6	17	18	0	0	 0
-1.6	-1.2	17	18	0	0	 0
-1.2	-0.8	17	18	0	0	 0
-0.8	-0.3	17	18	0	0	 0
-0.3	-0.2	17	18	0	0	 0
-0.2	0.2	17	18	0	0	 0
0.2	0.3	17	18	0	0	 0
0.3	0.8	17	18	0	0	 0
0.8	1.2	17	18	0	0	 0
1.2	1.6	17	18	0	0	 0
1.6	2.1	17	18	0	0	 0
2.1	2.4	17	18	0	0	 0
-2.4	-2.1	18	19	0	0	 0
-2.1	-1.6	18	19	0	0	 0
-1.6	-1.2	18	19	0	0	 0
-1.2	-0.8	18	19	0	0	 0
-0.8	-0.3	18	19	0	0	 0
-0.3	-0.2	18	19	0	0	 0
-0.2	0.2	18	19	0	0	 0
0.2	0.3	18	19	0	0	 0
0.3	0.8	18	19	0	0	 0
0.8	1.2	18	19	0	0	 0
1.2	1.6	18	19	0	0	 0
1.6	2.1	18	19	0	0	 0
2.1	2.4	18	19	0	0	 0
-2.4	-2.1	19	20	0	0	 0
-2.1	-1.6	19	20	0	0	 0
-1.6	-1.2	19	20	0	0	 0
-1.2	-0.8	19	20	0	0	 0
-0.8	-0.3	19	20	0	0	 0
-0.3	-0.2	19	20	0	0	 0
-0.2	0.2	19	20	0	0	 0
0.2	0.3	19	20	0	0	 0
0.3	0.8	19	20	0	0	 0
0.8	1.2	19	20	0	0	 0
1.2	1.6	19	20	0	0	 0
1.6	2.1	19	20	0	0	 0
2.1	2.4	19	20	0	0	 0
-2.4	-2.1	20	21	0	0	 0
-2.1	-1.6	20	21	0	0	 0
-1.6	-1.2	20	21	0	0	 0
-1.2	-0.8	20	21	0	0	 0
-0.8	-0.3	20	21	0	0	 0
-0.3	-0.2	20	21	0	0	 0
-0.2	0.2	20	21	0	0	 0
0.2	0.3	20	21	0	0	 0
0.3	0.8	20	21	0	0	 0
0.8	1.2	20	21	0	0	 0
1.2	1.6	20	21	0	0	 0
1.6	2.1	20	21	0	0	 0
2.1	2.4	20	21	0	0	 0
-2.4	-2.1	21	22	0.106305	0.0171136	 0.0155897
-2.1	-1.6	21	22	0.0910872	0.0121295	 0.0112818
-1.6	-1.2	21	22	0.0385295	0.0132557	 0.0103441
-1.2	-0.8	21	22	0.0360545	0.00887643	 0.00762586
-0.8	-0.3	21	22	0.052928	0.00933376	 0.020012
-0.3	-0.2	21	22	0.025013	0.0170775	 0.0117365
-0.2	0.2	21	22	0.0437649	0.0118975	 0.0105639
0.2	0.3	21	22	0.0264008	0.0178865	 0.0123823
0.3	0.8	21	22	0.0428572	0.0112279	 0.0101334
0.8	1.2	21	22	0.0313726	0.0107411	 0.00915607
1.2	1.6	21	22	0.0667945	0.0114591	 0.0103575
1.6	2.1	21	22	0.0705693	0.0108338	 0.0100085
2.1	2.4	21	22	0.116519	0.0198748	 0.0181037
-2.4	-2.1	22	24	0.749009	0.0171515	 0.0170548
-2.1	-1.6	22	24	0.772932	0.0123135	 0.0126079
-1.6	-1.2	22	24	0.808394	0.0129444	 0.0141658
-1.2	-0.8	22	24	0.813535	0.0116973	 0.012271
-0.8	-0.3	22	24	0.903025	0.00816533	 0.00824454
-0.3	-0.2	22	24	0.683538	0.0275619	 0.0286602
-0.2	0.2	22	24	0.819133	0.0120117	 0.0122617
0.2	0.3	22	24	0.745656	0.0279204	 0.0286643
0.3	0.8	22	24	0.901899	0.00874892	 0.00901896
0.8	1.2	22	24	0.823322	0.0126316	 0.0128777
1.2	1.6	22	24	0.806618	0.0117758	 0.0121547
1.6	2.1	22	24	0.753496	0.0124427	 0.0126883
2.1	2.4	22	24	0.691752	0.0157596	 0.0160617
-2.4	-2.1	24	26	0.763924	0.015808	 0.0162083
-2.1	-1.6	24	26	0.80577	0.0100462	 0.0102032
-1.6	-1.2	24	26	0.878421	0.00984066	 0.00998392
-1.2	-0.8	24	26	0.860698	0.0101959	 0.0104664
-0.8	-0.3	24	26	0.93464	0.0067206	 0.00697667
-0.3	-0.2	24	26	0.680339	0.0226849	 0.0234266
-0.2	0.2	24	26	0.869261	0.00885549	 0.00907357
0.2	0.3	24	26	0.723499	0.0211855	 0.022069
0.3	0.8	24	26	0.925818	0.0066121	 0.0061292
0.8	1.2	24	26	0.832432	0.00978603	 0.0100995
1.2	1.6	24	26	0.850679	0.0100298	 0.0102439
1.6	2.1	24	26	0.823734	0.00985734	 0.00984236
2.1	2.4	24	26	0.755866	0.0138041	 0.0141575
-2.4	-2.1	26	30	0.785408	0.00906142	 0.00909781
-2.1	-1.6	26	30	0.834377	0.0066106	 0.00671241
-1.6	-1.2	26	30	0.881763	0.00575479	 0.00586027
-1.2	-0.8	26	30	0.867239	0.00636784	 0.00649508
-0.8	-0.3	26	30	0.938721	0.00355526	 0.00361471
-0.3	-0.2	26	30	0.70188	0.0138633	 0.0138068
-0.2	0.2	26	30	0.884126	0.00443429	 0.00447383
0.2	0.3	26	30	0.783431	0.0125151	 0.0127122
0.3	0.8	26	30	0.938153	0.00361861	 0.00369232
0.8	1.2	26	30	0.866989	0.00594988	 0.00601639
1.2	1.6	26	30	0.870067	0.000289637	 0.000289637
1.6	2.1	26	30	0.843733	0.00625418	 0.00629839
2.1	2.4	26	30	0.785806	0.00980407	 0.0099941
-2.4	-2.1	30	35	0.829266	0.006864	 0.00689117
-2.1	-1.6	30	35	0.838651	0.00493065	 0.0049711
-1.6	-1.2	30	35	0.897492	0.00438608	 0.004401
-1.2	-0.8	30	35	0.873554	0.00417428	 0.00422139
-0.8	-0.3	30	35	0.950679	0.00230233	 0.00233302
-0.3	-0.2	30	35	0.713623	0.00986976	 0.00993897
-0.2	0.2	30	35	0.902726	0.00324972	 0.00330089
0.2	0.3	30	35	0.769241	0.00929626	 0.00942143
0.3	0.8	30	35	0.948218	0.00229421	 0.00234309
0.8	1.2	30	35	0.867728	0.00434474	 0.00437992
1.2	1.6	30	35	0.899171	0.00437238	 0.00443641
1.6	2.1	30	35	0.858929	0.0045384	 0.00458531
2.1	2.4	30	35	0.800014	0.00735619	 0.00739183
-2.4	-2.1	35	40	0.840104	0.00570033	 0.00575266
-2.1	-1.6	35	40	0.849799	0.00407512	 0.00403843
-1.6	-1.2	35	40	0.913972	0.003322	 0.00323429
-1.2	-0.8	35	40	0.880968	0.00319106	 0.00322547
-0.8	-0.3	35	40	0.954501	0.00179183	 0.00182816
-0.3	-0.2	35	40	0.744156	0.00823628	 0.00831421
-0.2	0.2	35	40	0.901751	0.00275828	 0.0027807
0.2	0.3	35	40	0.772645	0.00758774	 0.00765333
0.3	0.8	35	40	0.951143	0.00188779	 0.00192752
0.8	1.2	35	40	0.878877	0.00323718	 0.00323585
1.2	1.6	35	40	0.900463	0.00324774	 0.00329573
1.6	2.1	35	40	0.863543	0.00373553	 0.00377153
2.1	2.4	35	40	0.825473	0.00596889	 0.00578168
-2.4	-2.1	40	60	0.850691	0.00380244	 0.00383971
-2.1	-1.6	40	60	0.857181	0.00234734	 0.00234503
-1.6	-1.2	40	60	0.923611	0.00164179	 0.001635
-1.2	-0.8	40	60	0.877763	0.00198953	 0.00199111
-0.8	-0.3	40	60	0.956039	0.00111595	 0.00113086
-0.3	-0.2	40	60	0.760653	0.00511555	 0.00513984
-0.2	0.2	40	60	0.909449	0.00174051	 0.00175616
0.2	0.3	40	60	0.781914	0.00477847	 0.00478944
0.3	0.8	40	60	0.956238	0.00111687	 0.00113163
0.8	1.2	40	60	0.881691	0.00186208	 0.00188568
1.2	1.6	40	60	0.906598	0.00192846	 0.00194184
1.6	2.1	40	60	0.875274	0.00219473	 0.00215658
2.1	2.4	40	60	0.837453	0.00379048	 0.00378749
-2.4	-2.1	60	100	0.871503	0.0112339	 0.011615
-2.1	-1.6	60	100	0.86871	0.00701639	 0.00722345
-1.6	-1.2	60	100	0.928431	0.00534603	 0.00555164
-1.2	-0.8	60	100	0.874294	0.00613622	 0.00632443
-0.8	-0.3	60	100	0.953408	0.00349463	 0.00362165
-0.3	-0.2	60	100	0.707914	0.0157413	 0.0159715
-0.2	0.2	60	100	0.916344	0.00474271	 0.00485165
0.2	0.3	60	100	0.763491	0.0153978	 0.0157401
0.3	0.8	60	100	0.955198	0.00312383	 0.00328619
0.8	1.2	60	100	0.876686	0.00644338	 0.00666811
1.2	1.6	60	100	0.917517	0.0056934	 0.00588966
1.6	2.1	60	100	0.868182	0.00721095	 0.00746669
2.1	2.4	60	100	0.855848	0.0127104	 0.0131505
-2.4	-2.1	100	200	0.841929	0.0378932	 0.0417187
-2.1	-1.6	100	200	0.789054	0.0219469	 0.0233668
-1.6	-1.2	100	200	0.900362	0.0151943	 0.0167933
-1.2	-0.8	100	200	0.872627	0.0209279	 0.0221015
-0.8	-0.3	100	200	0.962732	0.00891491	 0.00990079
-0.3	-0.2	100	200	0.742828	0.0394905	 0.0394905
-0.2	0.2	100	200	0.915107	0.0124392	 0.0137235
0.2	0.3	100	200	0.759246	0.0435802	 0.0452527
0.3	0.8	100	200	0.957217	0.00804168	 0.00915417
0.8	1.2	100	200	0.882204	0.0199833	 0.0172955
1.2	1.6	100	200	0.854067	0.0198694	 0.0210137
1.6	2.1	100	200	0.854422	0.0180733	 0.0194043
2.1	2.4	100	200	0.819767	0.0365371	 0.040882
