etamin	etamax	ptmin	ptmax	eff	deff_high	deff_low
-2.4	-2.1	10	12	0.609191	0.0505912	 0.046392
-2.1	-1.6	10	12	0.694852	0.0411551	 0.038435
-1.6	-1.2	10	12	0.755197	0.0570244	 0.0515263
-1.2	-0.8	10	12	0.63816	0.0482268	 0.0444536
-0.8	-0.3	10	12	0.643485	0.0758017	 0.0656495
-0.3	0.3	10	12	0.793632	0.206368	 0.140157
0.3	0.8	10	12	0.652629	0.0768807	 0.06567
0.8	1.2	10	12	0.613056	0.0464505	 0.0427027
1.2	1.6	10	12	0.671009	0.0475424	 0.0436988
1.6	2.1	10	12	0.702874	0.0400315	 0.0374584
2.1	2.4	10	12	0.570238	0.0469337	 0.0431632
-2.4	-2.1	12	14	0.711305	0.0414417	 0.0457666
-2.1	-1.6	12	14	0.75699	0.0284811	 0.0275562
-1.6	-1.2	12	14	0.81946	0.0346971	 0.0333734
-1.2	-0.8	12	14	0.679189	0.031062	 0.0299151
-0.8	-0.3	12	14	0.550219	0.0360329	 0.0338887
-0.3	0.3	12	14	0.718381	0.0638202	 0.0567939
0.3	0.8	12	14	0.650339	0.0469499	 0.0431441
0.8	1.2	12	14	0.72383	0.0345435	 0.0331091
1.2	1.6	12	14	0.75767	0.0327225	 0.0316022
1.6	2.1	12	14	0.733869	0.0269707	 0.0262032
2.1	2.4	12	14	0.712851	0.0366411	 0.0352244
-2.4	-2.1	14	16	0.709302	0.0275203	 0.026904
-2.1	-1.6	14	16	0.782865	0.0212928	 0.0211248
-1.6	-1.2	14	16	0.789469	0.0244601	 0.0241236
-1.2	-0.8	14	16	0.757837	0.0248238	 0.0243203
-0.8	-0.3	14	16	0.706889	0.0286876	 0.0277451
-0.3	0.3	14	16	0.611941	0.0316454	 0.0301301
0.3	0.8	14	16	0.730242	0.0299967	 0.0289587
0.8	1.2	14	16	0.715513	0.0243011	 0.0237222
1.2	1.6	14	16	0.757097	0.0238421	 0.0234511
1.6	2.1	14	16	0.797222	0.0218466	 0.0215096
2.1	2.4	14	16	0.70916	0.0277918	 0.0271758
-2.4	-2.1	16	18	0.719315	0.0229293	 0.0226715
-2.1	-1.6	16	18	0.854368	0.0175277	 0.0175215
-1.6	-1.2	16	18	0.796413	0.0173691	 0.0173365
-1.2	-0.8	16	18	0.764471	0.0176001	 0.0175156
-0.8	-0.3	16	18	0.698952	0.0185104	 0.0183615
-0.3	0.3	16	18	0.666964	0.0220381	 0.0215216
0.3	0.8	16	18	0.70076	0.0190476	 0.0187956
0.8	1.2	16	18	0.778511	0.0185625	 0.0184745
1.2	1.6	16	18	0.844304	0.0183219	 0.0182963
1.6	2.1	16	18	0.797473	0.0155106	 0.0154888
2.1	2.4	16	18	0.743389	0.00127047	 0.00127047
-2.4	-2.1	18	20	0.782952	0.0177545	 0.0177176
-2.1	-1.6	18	20	0.823157	0.0132744	 0.0129056
-1.6	-1.2	18	20	0.853531	0.0135003	 0.0135504
-1.2	-0.8	18	20	0.795686	0.00108047	 0.00108047
-0.8	-0.3	18	20	0.781154	0.0145993	 0.0145583
-0.3	0.3	18	20	0.710272	0.0162757	 0.0161014
0.3	0.8	18	20	0.775584	0.0137248	 0.0139581
0.8	1.2	18	20	0.770218	0.0141955	 0.0142102
1.2	1.6	18	20	0.837214	0.0137978	 0.0138312
1.6	2.1	18	20	0.827776	0.0121816	 0.0122558
2.1	2.4	18	20	0.75266	0.0181498	 0.0181813
-2.4	-2.1	20	22	0.816064	0.01467	 0.0147785
-2.1	-1.6	20	22	0.874192	0.010005	 0.0101168
-1.6	-1.2	20	22	0.843351	0.0109661	 0.0110683
-1.2	-0.8	20	22	0.840411	0.0109599	 0.0110451
-0.8	-0.3	20	22	0.802075	0.0102813	 0.0103477
-0.3	0.3	20	22	0.779389	0.0115822	 0.011581
0.3	0.8	20	22	0.799139	0.0110752	 0.0111236
0.8	1.2	20	22	0.843315	0.0116226	 0.0116987
1.2	1.6	20	22	0.853684	0.000522341	 0.000522341
1.6	2.1	20	22	0.837162	0.00986647	 0.0100007
2.1	2.4	20	22	0.799134	0.0141203	 0.0142503
-2.4	-2.1	22	24	0.830503	0.0119016	 0.0120491
-2.1	-1.6	22	24	0.871691	0.00806222	 0.00819972
-1.6	-1.2	22	24	0.887189	0.000414148	 0.000414148
-1.2	-0.8	22	24	0.861702	0.00873401	 0.00879003
-0.8	-0.3	22	24	0.833448	0.00859275	 0.0086989
-0.3	0.3	22	24	0.806405	0.00820177	 0.00824522
0.3	0.8	22	24	0.845478	0.00820563	 0.00828523
0.8	1.2	22	24	0.85574	0.00891224	 0.00900775
1.2	1.6	22	24	0.881888	0.00889679	 0.00903587
1.6	2.1	22	24	0.881196	0.0079958	 0.00808772
2.1	2.4	22	24	0.817652	0.0121403	 0.0122755
-2.4	-2.1	24	26	0.845195	0.0107951	 0.0108443
-2.1	-1.6	24	26	0.882833	0.00694624	 0.00704941
-1.6	-1.2	24	26	0.904102	0.00713206	 0.00726674
-1.2	-0.8	24	26	0.890609	0.0073281	 0.00744355
-0.8	-0.3	24	26	0.851675	0.00672744	 0.00681704
-0.3	0.3	24	26	0.841462	0.00629719	 0.00634366
0.3	0.8	24	26	0.866574	0.00660894	 0.00668056
0.8	1.2	24	26	0.875877	0.0076009	 0.00770587
1.2	1.6	24	26	0.893686	0.00725583	 0.00739553
1.6	2.1	24	26	0.892666	0.00670165	 0.00687607
2.1	2.4	24	26	0.839386	0.0103953	 0.0105383
-2.4	-2.1	26	30	0.868092	0.00640621	 0.0064867
-2.1	-1.6	26	30	0.917438	0.0038342	 0.00388548
-1.6	-1.2	26	30	0.922727	0.00410007	 0.00410191
-1.2	-0.8	26	30	0.892143	0.00428312	 0.00433365
-0.8	-0.3	26	30	0.880339	0.00366227	 0.00369138
-0.3	0.3	26	30	0.866915	0.00315295	 0.00317647
0.3	0.8	26	30	0.888391	0.00360579	 0.00363801
0.8	1.2	26	30	0.893625	0.00426937	 0.00431367
1.2	1.6	26	30	0.920426	0.00413295	 0.00418567
1.6	2.1	26	30	0.913903	0.00384876	 0.00390073
2.1	2.4	26	30	0.863606	0.00629223	 0.00635676
-2.4	-2.1	30	35	0.894289	0.00453889	 0.00459043
-2.1	-1.6	30	35	0.936982	0.00257908	 0.0026116
-1.6	-1.2	30	35	0.943101	0.00269055	 0.00272878
-1.2	-0.8	30	35	0.925608	0.00267912	 0.00271148
-0.8	-0.3	30	35	0.917502	0.00214986	 0.00217505
-0.3	0.3	30	35	0.903744	0.00196517	 0.00197187
0.3	0.8	30	35	0.91716	0.00217219	 0.0021943
0.8	1.2	30	35	0.923961	0.00268515	 0.00270846
1.2	1.6	30	35	0.939918	0.0027209	 0.00276012
1.6	2.1	30	35	0.936137	0.00250754	 0.0025414
2.1	2.4	30	35	0.883529	0.00446812	 0.00455396
-2.4	-2.1	35	40	0.907989	0.00359204	 0.00365711
-2.1	-1.6	35	40	0.954828	0.00184752	 0.00187646
-1.6	-1.2	35	40	0.958293	0.00182429	 0.00184494
-1.2	-0.8	35	40	0.943547	0.00178159	 0.00180066
-0.8	-0.3	35	40	0.942099	0.00150852	 0.00152269
-0.3	0.3	35	40	0.925121	0.00149967	 0.00150063
0.3	0.8	35	40	0.942642	0.00147769	 0.0014999
0.8	1.2	35	40	0.944922	0.00180579	 0.001835
1.2	1.6	35	40	0.959156	0.00180092	 0.0018202
1.6	2.1	35	40	0.957168	0.00177944	 0.00180891
2.1	2.4	35	40	0.899927	0.0035812	 0.00361332
-2.4	-2.1	40	60	0.928051	0.00203101	 0.00204236
-2.1	-1.6	40	60	0.971119	0.00087247	 0.000881217
-1.6	-1.2	40	60	0.978251	0.000751828	 0.000765326
-1.2	-0.8	40	60	0.97058	0.00079147	 0.000800597
-0.8	-0.3	40	60	0.965129	0.000741084	 0.000749099
-0.3	0.3	40	60	0.951058	0.000774679	 0.000780744
0.3	0.8	40	60	0.967541	0.000720224	 0.000727738
0.8	1.2	40	60	0.967129	0.00081747	 0.000825121
1.2	1.6	40	60	0.977054	0.000764232	 0.000771091
1.6	2.1	40	60	0.973553	0.00081886	 0.000830247
2.1	2.4	40	60	0.931872	0.00194274	 0.00195902
-2.4	-2.1	60	100	0.936449	0.00754093	 0.00765824
-2.1	-1.6	60	100	0.977624	0.00335009	 0.00344053
-1.6	-1.2	60	100	0.986196	0.00265034	 0.00275289
-1.2	-0.8	60	100	0.974647	0.0026025	 0.00268814
-0.8	-0.3	60	100	0.980868	0.00217737	 0.00224673
-0.3	0.3	60	100	0.969564	0.00228593	 0.00234213
0.3	0.8	60	100	0.978261	0.00225635	 0.00233142
0.8	1.2	60	100	0.974057	0.00259176	 0.00267975
1.2	1.6	60	100	0.988692	0.00253949	 0.0026437
1.6	2.1	60	100	0.980784	0.0029722	 0.00306367
2.1	2.4	60	100	0.945858	0.00712228	 0.00727666
-2.4	-2.1	100	200	0.970253	0.0297468	 0.0458534
-2.1	-1.6	100	200	0.989647	0.0103527	 0.0147399
-1.6	-1.2	100	200	0.972424	0.0122533	 0.0128171
-1.2	-0.8	100	200	0.975677	0.00856672	 0.00914916
-0.8	-0.3	100	200	0.987107	0.0070539	 0.00761957
-0.3	0.3	100	200	0.981223	0.00731973	 0.00773236
0.3	0.8	100	200	0.98084	0.00651924	 0.00700667
0.8	1.2	100	200	0.965221	0.00963967	 0.0102203
1.2	1.6	100	200	0.986135	0.010811	 0.0115717
1.6	2.1	100	200	0.985545	0.0115264	 0.012085
2.1	2.4	100	200	0.92352	0.0762312	 0.0342343
