etamin	etamax	ptmin	ptmax	eff	deff_high	deff_low
-2.4	-2.1	10	15	0	0	 0
-2.1	-1.6	10	15	0	0	 0
-1.6	-1.2	10	15	0	0	 0
-1.2	-0.8	10	15	0	0	 0
-0.8	-0.3	10	15	0	0	 0
-0.3	-0.2	10	15	0	0	 0
-0.2	0.2	10	15	0	0	 0
0.2	0.3	10	15	0	0	 0
0.3	0.8	10	15	0	0	 0
0.8	1.2	10	15	0	0	 0
1.2	1.6	10	15	0	0	 0
1.6	2.1	10	15	0	0	 0
2.1	2.4	10	15	0	0	 0
-2.4	-2.1	15	16	0.0158516	0.00728654	 0.00565278
-2.1	-1.6	15	16	0.0159077	0.00526246	 0.00431298
-1.6	-1.2	15	16	0	0	 0
-1.2	-0.8	15	16	0	0	 0
-0.8	-0.3	15	16	0	0	 0
-0.3	-0.2	15	16	0	0	 0
-0.2	0.2	15	16	0	0	 0
0.2	0.3	15	16	0	0	 0
0.3	0.8	15	16	0	0	 0
0.8	1.2	15	16	0.010186	0.00649294	 0.00543752
1.2	1.6	15	16	0.0100985	0.00539392	 0.00431135
1.6	2.1	15	16	0.0125282	0.00500823	 0.00457825
2.1	2.4	15	16	0.0117451	0.00683947	 0.00494144
-2.4	-2.1	16	17	0.0471493	0.0136596	 0.0123318
-2.1	-1.6	16	17	0.072136	0.00948383	 0.00876728
-1.6	-1.2	16	17	0.0458375	0.0116714	 0.0100484
-1.2	-0.8	16	17	0.0335577	0.00914702	 0.00792143
-0.8	-0.3	16	17	0.0353914	0.0088246	 0.00780021
-0.3	-0.2	16	17	0	0	 0
-0.2	0.2	16	17	0.0319561	0.0109454	 0.00896986
0.2	0.3	16	17	0.0345884	0.0235262	 0.016235
0.3	0.8	16	17	0.0354824	0.00843493	 0.00729719
0.8	1.2	16	17	0.0362448	0.0089286	 0.00864664
1.2	1.6	16	17	0.059143	0.00954035	 0.00861317
1.6	2.1	16	17	0.0651332	0.00902611	 0.00830751
2.1	2.4	16	17	0.0762188	0.0185019	 0.0160005
-2.4	-2.1	17	18	0.603709	0.0259441	 0.0248374
-2.1	-1.6	17	18	0.776807	0.0143394	 0.0148356
-1.6	-1.2	17	18	0.852557	0.013895	 0.0144382
-1.2	-0.8	17	18	0.871895	0.0142691	 0.0169791
-0.8	-0.3	17	18	0.913428	0.0108042	 0.0117541
-0.3	-0.2	17	18	0.674117	0.0449596	 0.0479781
-0.2	0.2	17	18	0.891384	0.0155407	 0.0169934
0.2	0.3	17	18	0.781984	0.0547473	 0.0598532
0.3	0.8	17	18	0.876678	0.0120847	 0.0129274
0.8	1.2	17	18	0.864829	0.0146536	 0.0165479
1.2	1.6	17	18	0.843046	0.0144878	 0.0149204
1.6	2.1	17	18	0.800323	0.0154752	 0.014817
2.1	2.4	17	18	0.584022	0.0251859	 0.0263147
-2.4	-2.1	18	19	0.730366	0.0197663	 0.0192882
-2.1	-1.6	18	19	0.875991	0.0116462	 0.0121763
-1.6	-1.2	18	19	0.940446	0.00812842	 0.00884013
-1.2	-0.8	18	19	0.907091	0.0102267	 0.0109975
-0.8	-0.3	18	19	0.942902	0.00869578	 0.00914597
-0.3	-0.2	18	19	0.726663	0.047872	 0.0454215
-0.2	0.2	18	19	0.928313	0.0127606	 0.013721
0.2	0.3	18	19	0.758303	0.0365675	 0.0380767
0.3	0.8	18	19	0.95187	0.00734459	 0.00799542
0.8	1.2	18	19	0.911751	0.0111684	 0.0117237
1.2	1.6	18	19	0.938313	0.00795581	 0.00867634
1.6	2.1	18	19	0.876434	0.0114458	 0.0118712
2.1	2.4	18	19	0.724052	0.0202592	 0.0209446
-2.4	-2.1	19	20	0.724846	0.0195881	 0.0200422
-2.1	-1.6	19	20	0.884642	0.0105777	 0.00991945
-1.6	-1.2	19	20	0.944641	0.00829248	 0.00887915
-1.2	-0.8	19	20	0.928184	0.00828811	 0.00885714
-0.8	-0.3	19	20	0.952885	0.00639825	 0.00702141
-0.3	-0.2	19	20	0.742095	0.0363696	 0.0390237
-0.2	0.2	19	20	0.931268	0.0115706	 0.0122593
0.2	0.3	19	20	0.748126	0.0348608	 0.0379712
0.3	0.8	19	20	0.953889	0.00671045	 0.00726733
0.8	1.2	19	20	0.919464	0.0101345	 0.0105775
1.2	1.6	19	20	0.942092	0.00804802	 0.00849787
1.6	2.1	19	20	0.892938	0.00914544	 0.00948525
2.1	2.4	19	20	0.748003	0.0179837	 0.0189072
-2.4	-2.1	20	21	0.758406	0.0167999	 0.0172292
-2.1	-1.6	20	21	0.893388	0.00863055	 0.00903339
-1.6	-1.2	20	21	0.956533	0.00687309	 0.00729581
-1.2	-0.8	20	21	0.925995	0.00974125	 0.00845895
-0.8	-0.3	20	21	0.944607	0.00620241	 0.00669893
-0.3	-0.2	20	21	0.749042	0.0300242	 0.0314059
-0.2	0.2	20	21	0.946182	0.00794306	 0.00877797
0.2	0.3	20	21	0.771321	0.0327842	 0.0340951
0.3	0.8	20	21	0.953696	0.00600324	 0.00628603
0.8	1.2	20	21	0.92927	0.0086915	 0.00923077
1.2	1.6	20	21	0.935206	0.00799259	 0.00836146
1.6	2.1	20	21	0.894554	0.00872787	 0.00902984
2.1	2.4	20	21	0.765548	0.0156707	 0.016221
-2.4	-2.1	21	22	0.778623	0.0147677	 0.0152925
-2.1	-1.6	21	22	0.899369	0.00813281	 0.00842688
-1.6	-1.2	21	22	0.946591	0.00603704	 0.00650509
-1.2	-0.8	21	22	0.914486	0.00866165	 0.00903023
-0.8	-0.3	21	22	0.951611	0.00617593	 0.0066217
-0.3	-0.2	21	22	0.791417	0.025972	 0.0277845
-0.2	0.2	21	22	0.936303	0.00752515	 0.00828786
0.2	0.3	21	22	0.731678	0.0283689	 0.0298383
0.3	0.8	21	22	0.946014	0.00622397	 0.00656263
0.8	1.2	21	22	0.921753	0.00734791	 0.00787835
1.2	1.6	21	22	0.938755	0.00675584	 0.00731734
1.6	2.1	21	22	0.904263	0.00796236	 0.00825496
2.1	2.4	21	22	0.754879	0.0162224	 0.0166617
-2.4	-2.1	22	24	0.769688	0.0114316	 0.0116261
-2.1	-1.6	22	24	0.904325	0.00513871	 0.0051433
-1.6	-1.2	22	24	0.956198	0.00362518	 0.00384183
-1.2	-0.8	22	24	0.923544	0.00484182	 0.00505719
-0.8	-0.3	22	24	0.96298	0.00329686	 0.00339961
-0.3	-0.2	22	24	0.714672	0.01621	 0.0166062
-0.2	0.2	22	24	0.934627	0.00503564	 0.00520235
0.2	0.3	22	24	0.792345	0.01765	 0.0182347
0.3	0.8	22	24	0.951727	0.00382986	 0.00393884
0.8	1.2	22	24	0.928422	0.00530511	 0.00515134
1.2	1.6	22	24	0.949237	0.00396569	 0.0041742
1.6	2.1	22	24	0.909836	0.00542642	 0.00552981
2.1	2.4	22	24	0.772444	0.0104717	 0.0104717
-2.4	-2.1	24	26	0.808221	0.00922347	 0.00930129
-2.1	-1.6	24	26	0.902013	0.00551146	 0.00503091
-1.6	-1.2	24	26	0.952363	0.00346609	 0.00366135
-1.2	-0.8	24	26	0.929938	0.00460821	 0.00466093
-0.8	-0.3	24	26	0.958143	0.00284377	 0.00298301
-0.3	-0.2	24	26	0.754132	0.0138441	 0.0141983
-0.2	0.2	24	26	0.9355	0.0042023	 0.00421181
0.2	0.3	24	26	0.77051	0.013895	 0.014355
0.3	0.8	24	26	0.955081	0.00335979	 0.00350334
0.8	1.2	24	26	0.921793	0.00464734	 0.00476773
1.2	1.6	24	26	0.949965	0.00418437	 0.00436828
1.6	2.1	24	26	0.913685	0.00451894	 0.00462103
2.1	2.4	24	26	0.800942	0.00872656	 0.0089658
-2.4	-2.1	26	30	0.826028	0.00586406	 0.00590986
-2.1	-1.6	26	30	0.914863	0.00273445	 0.00278831
-1.6	-1.2	26	30	0.956242	0.00242236	 0.00246807
-1.2	-0.8	26	30	0.927773	0.00299518	 0.00295417
-0.8	-0.3	26	30	0.954774	0.00189461	 0.00191961
-0.3	-0.2	26	30	0.759301	0.00814079	 0.00823488
-0.2	0.2	26	30	0.937906	0.00225295	 0.00224677
0.2	0.3	26	30	0.760302	0.00797183	 0.00807914
0.3	0.8	26	30	0.953132	0.00179541	 0.00183062
0.8	1.2	26	30	0.92405	0.00291721	 0.00293133
1.2	1.6	26	30	0.947983	0.0023828	 0.00242663
1.6	2.1	26	30	0.915895	0.00299447	 0.00290505
2.1	2.4	26	30	0.80801	0.00553629	 0.0056553
-2.4	-2.1	30	35	0.845123	0.0043752	 0.00437653
-2.1	-1.6	30	35	0.918754	0.00221123	 0.00222072
-1.6	-1.2	30	35	0.957273	0.00171602	 0.0017548
-1.2	-0.8	30	35	0.927069	0.00213515	 0.00208443
-0.8	-0.3	30	35	0.95484	0.00131795	 0.00131954
-0.3	-0.2	30	35	0.746982	0.0061072	 0.00612231
-0.2	0.2	30	35	0.936362	0.00168577	 0.00167741
0.2	0.3	30	35	0.769357	0.00578424	 0.00581859
0.3	0.8	30	35	0.953586	0.00126686	 0.00128645
0.8	1.2	30	35	0.926404	0.00208176	 0.00210109
1.2	1.6	30	35	0.949633	0.00188712	 0.0019001
1.6	2.1	30	35	0.922704	0.002127	 0.0021198
2.1	2.4	30	35	0.838185	0.00431008	 0.00433099
-2.4	-2.1	35	40	0.857975	0.00348314	 0.00349065
-2.1	-1.6	35	40	0.924078	0.00190055	 0.00188724
-1.6	-1.2	35	40	0.955219	0.00140832	 0.00142287
-1.2	-0.8	35	40	0.92285	0.00161637	 0.00162694
-0.8	-0.3	35	40	0.9531	0.00107538	 0.00107975
-0.3	-0.2	35	40	0.76139	0.00496526	 0.00498695
-0.2	0.2	35	40	0.937335	0.00142275	 0.00141885
0.2	0.3	35	40	0.772049	0.00504495	 0.00492101
0.3	0.8	35	40	0.955143	0.0011206	 0.00110072
0.8	1.2	35	40	0.923077	0.00166494	 0.00167821
1.2	1.6	35	40	0.952017	0.00145154	 0.00145183
1.6	2.1	35	40	0.926163	0.00181327	 0.00179866
2.1	2.4	35	40	0.849857	6.45693e-05	 6.45693e-05
-2.4	-2.1	40	60	0.878065	0.00225267	 0.00226784
-2.1	-1.6	40	60	0.927052	0.0011015	 0.00110292
-1.6	-1.2	40	60	0.948749	0.000921855	 0.000928127
-1.2	-0.8	40	60	0.925031	0.0010254	 0.0010279
-0.8	-0.3	40	60	0.954031	0.000711172	 0.000713846
-0.3	-0.2	40	60	0.751959	0.00320205	 0.00319866
-0.2	0.2	40	60	0.937611	0.000915821	 0.000912061
0.2	0.3	40	60	0.768029	0.00324304	 0.00325909
0.3	0.8	40	60	0.953072	0.000714233	 0.000708396
0.8	1.2	40	60	0.922398	0.00103669	 0.00103437
1.2	1.6	40	60	0.944891	0.000869261	 0.000881455
1.6	2.1	40	60	0.928982	0.00108778	 0.00108534
2.1	2.4	40	60	0.866461	0.00211755	 0.00216151
-2.4	-2.1	60	100	0.893741	0.00644199	 0.00651997
-2.1	-1.6	60	100	0.921109	0.00360735	 0.00364982
-1.6	-1.2	60	100	0.90425	0.00382369	 0.00384955
-1.2	-0.8	60	100	0.927509	0.00323985	 0.00332912
-0.8	-0.3	60	100	0.951972	0.00218007	 0.00221909
-0.3	-0.2	60	100	0.722404	0.0104806	 0.010611
-0.2	0.2	60	100	0.933684	0.002909	 0.00297233
0.2	0.3	60	100	0.746177	0.00941911	 0.00973641
0.3	0.8	60	100	0.949132	0.00224493	 0.0022686
0.8	1.2	60	100	0.922484	0.0030554	 0.00313557
1.2	1.6	60	100	0.925306	0.00332219	 0.00337929
1.6	2.1	60	100	0.927801	0.0035117	 0.00353218
2.1	2.4	60	100	0.890245	0.00677963	 0.00686309
-2.4	-2.1	100	200	0.893202	0.0288943	 0.0295887
-2.1	-1.6	100	200	0.904561	0.0126738	 0.0135379
-1.6	-1.2	100	200	0.836541	0.0122176	 0.01278
-1.2	-0.8	100	200	0.913704	0.00999483	 0.0104551
-0.8	-0.3	100	200	0.941891	0.00680316	 0.00711121
-0.3	-0.2	100	200	0.760214	0.0260688	 0.0276766
-0.2	0.2	100	200	0.937012	0.00687242	 0.00753469
0.2	0.3	100	200	0.772397	0.0260478	 0.026924
0.3	0.8	100	200	0.943839	0.00606344	 0.00648259
0.8	1.2	100	200	0.92224	0.00928822	 0.00986564
1.2	1.6	100	200	0.835082	0.0131992	 0.0135832
1.6	2.1	100	200	0.887727	0.0124147	 0.0131562
2.1	2.4	100	200	0.846012	0.0240338	 0.0258467
