etamin	etamax	ptmin	ptmax	eff	deff_high	deff_low
-2.4	-2.1	10	11	0.947824	0.0197651	 0.0231146
-2.1	-1.6	10	11	0.90104	0.0169432	 0.0189293
-1.6	-1.2	10	11	0.990016	0.00846844	 0.00918755
-1.2	-0.8	10	11	0.951951	0.0151904	 0.0188796
-0.8	-0.3	10	11	0.982299	0.00973282	 0.0153974
-0.3	-0.2	10	11	0.857148	0.0760457	 0.109241
-0.2	0	10	11	0.971502	0.0284983	 0.0375661
0	0.2	10	11	1	1.19777e-07	 0.040559
0.2	0.3	10	11	0.730574	0.144941	 0.328691
0.3	0.8	10	11	1	0	 0.015405
0.8	1.2	10	11	0.96777	0.018548	 0.0226121
1.2	1.6	10	11	1	0	 0.00868862
1.6	2.1	10	11	0.959194	0.0130838	 0.0151635
2.1	2.4	10	11	0.944516	0.0170039	 0.0212274
-2.4	-2.1	11	12	0.943083	0.015986	 0.0194334
-2.1	-1.6	11	12	0.933082	0.0127888	 0.0144674
-1.6	-1.2	11	12	0.992393	0.00743505	 0.0104948
-1.2	-0.8	11	12	0.947957	0.0146983	 0.017578
-0.8	-0.3	11	12	1	0	 0.0133007
-0.3	-0.2	11	12	0.715021	0.0913954	 0.111138
-0.2	0	11	12	0.968706	0.0312941	 0.0421738
0	0.2	11	12	1	0	 0.0441472
0.2	0.3	11	12	0.802232	0.0903248	 0.125153
0.3	0.8	11	12	0.971956	0.0119419	 0.0163853
0.8	1.2	11	12	0.958548	0.012227	 0.0152049
1.2	1.6	11	12	0.988329	0.0054911	 0.0080176
1.6	2.1	11	12	0.955389	0.0108402	 0.0121667
2.1	2.4	11	12	0.910146	0.0199597	 0.0230659
-2.4	-2.1	12	13	0.941736	8.40578e-05	 8.40578e-05
-2.1	-1.6	12	13	0.943401	0.0109211	 0.0125021
-1.6	-1.2	12	13	0.984421	0.00619511	 0.00796369
-1.2	-0.8	12	13	0.966688	0.0115512	 0.0130594
-0.8	-0.3	12	13	0.988582	0.00627745	 0.00997136
-0.3	-0.2	12	13	0.847965	0.0648927	 0.0781929
-0.2	0	12	13	0.978625	0.0148954	 0.0287149
0	0.2	12	13	0.961017	0.0212899	 0.0334358
0.2	0.3	12	13	0.96679	0.0332103	 0.043251
0.3	0.8	12	13	0.966826	0.0117502	 0.0152359
0.8	1.2	12	13	0.963134	0.0103535	 0.0126637
1.2	1.6	12	13	0.966439	0.00905765	 0.0109755
1.6	2.1	12	13	0.943679	0.0114421	 0.0127373
2.1	2.4	12	13	0.95694	0.0126069	 0.0155199
-2.4	-2.1	13	14	0.954301	0.0141424	 0.0161611
-2.1	-1.6	13	14	0.95495	0.00848461	 0.00988158
-1.6	-1.2	13	14	0.99289	0.00436915	 0.00618755
-1.2	-0.8	13	14	0.94769	0.0115839	 0.0135802
-0.8	-0.3	13	14	0.991578	0.00464373	 0.00739239
-0.3	-0.2	13	14	0.753543	0.0913928	 0.0905696
-0.2	0	13	14	0.960989	0.0182284	 0.0264233
0	0.2	13	14	1	1.11371e-08	 0.0119957
0.2	0.3	13	14	0.890096	0.0454601	 0.0596041
0.3	0.8	13	14	0.987185	0.00783084	 0.0109469
0.8	1.2	13	14	0.962483	0.0104083	 0.0121435
1.2	1.6	13	14	0.975119	0.0067612	 0.00825433
1.6	2.1	13	14	0.928228	0.0113363	 0.0125069
2.1	2.4	13	14	0.957673	0.0110625	 0.0133241
-2.4	-2.1	14	15	0.941498	0.013003	 0.015135
-2.1	-1.6	14	15	0.949985	0.00971604	 0.00958556
-1.6	-1.2	14	15	0.987227	0.00493052	 0.00604789
-1.2	-0.8	14	15	0.960607	0.00930897	 0.0110026
-0.8	-0.3	14	15	0.989185	0.00455189	 0.00653593
-0.3	-0.2	14	15	0.853802	0.0542681	 0.0661662
-0.2	0	14	15	0.984459	0.0155415	 0.0255639
0	0.2	14	15	0.966593	0.0202128	 0.0239041
0.2	0.3	14	15	0.853776	0.0715575	 0.0608366
0.3	0.8	14	15	0.975747	0.00753539	 0.00945329
0.8	1.2	14	15	0.9602	0.011121	 0.0126382
1.2	1.6	14	15	0.994684	0.00442566	 0.00657444
1.6	2.1	14	15	0.954715	0.00820543	 0.00924672
2.1	2.4	14	15	0.962264	0.010149	 0.0122885
-2.4	-2.1	15	16	0.951625	0.0106113	 0.0123495
-2.1	-1.6	15	16	0.945696	0.00974124	 0.0104078
-1.6	-1.2	15	16	0.988951	0.00460345	 0.00592932
-1.2	-0.8	15	16	0.982391	0.00520029	 0.00646903
-0.8	-0.3	15	16	0.983433	0.0103187	 0.0128131
-0.3	-0.2	15	16	0.892801	0.0604592	 0.068831
-0.2	0	15	16	0.982102	0.00984295	 0.0156666
0	0.2	15	16	0.943113	0.0198067	 0.025393
0.2	0.3	15	16	0.899946	0.0322982	 0.0409687
0.3	0.8	15	16	0.99158	0.00354495	 0.00493171
0.8	1.2	15	16	0.961997	0.0103421	 0.0114431
1.2	1.6	15	16	0.992513	0.003144	 0.00438133
1.6	2.1	15	16	0.953456	0.00769279	 0.00863972
2.1	2.4	15	16	0.950323	0.0125113	 0.0135825
-2.4	-2.1	16	17	0.957123	0.0110785	 0.0117129
-2.1	-1.6	16	17	0.954058	0.00911708	 0.0103911
-1.6	-1.2	16	17	0.992779	0.0032689	 0.00389361
-1.2	-0.8	16	17	0.961159	0.00749416	 0.00854124
-0.8	-0.3	16	17	0.985376	0.0045606	 0.00573333
-0.3	-0.2	16	17	0.856257	0.0372362	 0.0440313
-0.2	0	16	17	0.993081	0.0048279	 0.00934289
0	0.2	16	17	0.969139	0.0117162	 0.0155571
0.2	0.3	16	17	0.859689	0.0358364	 0.0408391
0.3	0.8	16	17	0.97389	0.00611479	 0.00724132
0.8	1.2	16	17	0.962921	0.00878745	 0.00963848
1.2	1.6	16	17	0.97796	0.00600985	 0.00614066
1.6	2.1	16	17	0.954362	0.00688402	 0.00762225
2.1	2.4	16	17	0.954603	0.00959102	 0.0110414
-2.4	-2.1	17	18	0.957023	0.00991704	 0.01115
-2.1	-1.6	17	18	0.933523	0.00802807	 0.00870899
-1.6	-1.2	17	18	0.992748	0.00256879	 0.00335503
-1.2	-0.8	17	18	0.970338	0.00570545	 0.00653383
-0.8	-0.3	17	18	0.983329	0.00417981	 0.00501707
-0.3	-0.2	17	18	0.832166	0.0378847	 0.043457
-0.2	0	17	18	0.974611	0.00969523	 0.0131046
0	0.2	17	18	0.98027	0.00826053	 0.0114564
0.2	0.3	17	18	0.843331	0.037348	 0.0425053
0.3	0.8	17	18	0.989067	0.00476741	 0.00548471
0.8	1.2	17	18	0.962374	0.00754178	 0.00812296
1.2	1.6	17	18	0.985694	0.00450414	 0.00517742
1.6	2.1	17	18	0.95594	0.00715908	 0.00713069
2.1	2.4	17	18	0.948466	0.0155986	 0.0110114
-2.4	-2.1	18	19	0.957998	0.00865827	 0.00936153
-2.1	-1.6	18	19	0.936608	0.00711518	 0.00762166
-1.6	-1.2	18	19	0.990963	0.00267919	 0.00333475
-1.2	-0.8	18	19	0.960085	0.00614218	 0.00679901
-0.8	-0.3	18	19	0.980785	0.00494881	 0.00566818
-0.3	-0.2	18	19	0.897096	0.0242861	 0.0284243
-0.2	0	18	19	0.961222	0.0114519	 0.0142733
0	0.2	18	19	0.981911	0.0087195	 0.0114149
0.2	0.3	18	19	0.877741	0.0295281	 0.0335563
0.3	0.8	18	19	0.969656	0.00540172	 0.00598402
0.8	1.2	18	19	0.956768	0.00686057	 0.00746527
1.2	1.6	18	19	0.983987	0.0046676	 0.00526721
1.6	2.1	18	19	0.961646	0.00624203	 0.00669871
2.1	2.4	18	19	0.9348	0.0129224	 0.0122929
-2.4	-2.1	19	20	0.949997	0.00808655	 0.00902749
-2.1	-1.6	19	20	0.960403	0.00608439	 0.00649039
-1.6	-1.2	19	20	0.988621	0.00286557	 0.00343517
-1.2	-0.8	19	20	0.963006	0.00544159	 0.00604664
-0.8	-0.3	19	20	0.976481	0.00510842	 0.00527274
-0.3	-0.2	19	20	0.858796	0.0282337	 0.0295666
-0.2	0	19	20	0.988241	0.00492973	 0.00684249
0	0.2	19	20	0.963693	0.0139252	 0.0166757
0.2	0.3	19	20	0.883962	0.0229847	 0.02622
0.3	0.8	19	20	0.980258	0.00407899	 0.00456807
0.8	1.2	19	20	0.959759	0.00658282	 0.00667467
1.2	1.6	19	20	0.983304	0.00406976	 0.00463719
1.6	2.1	19	20	0.956342	0.00555081	 0.00609698
2.1	2.4	19	20	0.97275	0.00618714	 0.00845445
-2.4	-2.1	20	21	0.961321	0.00899379	 0.010004
-2.1	-1.6	20	21	0.958222	0.00502662	 0.0054477
-1.6	-1.2	20	21	0.984477	0.00344517	 0.00396571
-1.2	-0.8	20	21	0.964352	0.00575676	 0.00611931
-0.8	-0.3	20	21	0.987893	0.00271003	 0.00315105
-0.3	-0.2	20	21	0.88889	0.0220656	 0.024258
-0.2	0	20	21	0.975273	0.00762206	 0.00915642
0	0.2	20	21	0.976016	0.00718779	 0.00928488
0.2	0.3	20	21	0.879011	0.0233991	 0.0264459
0.3	0.8	20	21	0.977089	0.00448318	 0.00464021
0.8	1.2	20	21	0.964135	0.00515914	 0.00573512
1.2	1.6	20	21	0.981689	0.00366079	 0.00423647
1.6	2.1	20	21	0.963414	0.00523721	 0.00555364
2.1	2.4	20	21	0.964701	0.00640134	 0.00889722
-2.4	-2.1	21	22	0.963657	0.00606491	 0.00679276
-2.1	-1.6	21	22	0.949754	0.00534982	 0.00573665
-1.6	-1.2	21	22	0.994821	0.00209368	 0.00254421
-1.2	-0.8	21	22	0.965481	0.00549637	 0.00590128
-0.8	-0.3	21	22	0.978645	0.00347037	 0.00383979
-0.3	-0.2	21	22	0.916438	0.0164903	 0.0184831
-0.2	0	21	22	0.973199	0.00740919	 0.00847449
0	0.2	21	22	0.980096	0.00701109	 0.00820311
0.2	0.3	21	22	0.888249	0.018334	 0.0203368
0.3	0.8	21	22	0.97842	0.00415179	 0.00453032
0.8	1.2	21	22	0.96704	0.00524523	 0.0057022
1.2	1.6	21	22	0.985038	0.00295572	 0.00339888
1.6	2.1	21	22	0.962398	0.00516463	 0.00542921
2.1	2.4	21	22	0.957269	0.00678045	 0.00755024
-2.4	-2.1	22	23	0.965104	0.00688522	 0.00753641
-2.1	-1.6	22	23	0.940617	0.0055891	 0.0059604
-1.6	-1.2	22	23	0.990628	0.00256512	 0.0029723
-1.2	-0.8	22	23	0.967624	0.00426028	 0.00461306
-0.8	-0.3	22	23	0.978814	0.00311452	 0.00345319
-0.3	-0.2	22	23	0.88168	0.0176974	 0.0193709
-0.2	0	22	23	0.982608	0.004994	 0.00612868
0	0.2	22	23	0.962419	0.00693825	 0.00790989
0.2	0.3	22	23	0.898967	0.0166619	 0.0181169
0.3	0.8	22	23	0.979893	0.00304296	 0.00337905
0.8	1.2	22	23	0.954496	0.00521903	 0.00564189
1.2	1.6	22	23	0.992036	0.0028941	 0.00340824
1.6	2.1	22	23	0.965651	0.00504393	 0.00542134
2.1	2.4	22	23	0.966169	0.00576836	 0.00649869
-2.4	-2.1	23	24	0.963301	0.00557651	 0.00616704
-2.1	-1.6	23	24	0.94327	0.00511662	 0.00544431
-1.6	-1.2	23	24	0.991642	0.00247745	 0.00283366
-1.2	-0.8	23	24	0.958825	0.00471464	 0.00506953
-0.8	-0.3	23	24	0.98151	0.00343401	 0.00412644
-0.3	-0.2	23	24	0.924104	0.0153254	 0.0165761
-0.2	0	23	24	0.982558	0.00424191	 0.00505944
0	0.2	23	24	0.972522	0.0051966	 0.00593318
0.2	0.3	23	24	0.89718	0.0141915	 0.0155617
0.3	0.8	23	24	0.981482	0.00323267	 0.00354164
0.8	1.2	23	24	0.958295	0.00465605	 0.0050088
1.2	1.6	23	24	0.987667	0.00254864	 0.0029527
1.6	2.1	23	24	0.954538	0.00455674	 0.0048725
2.1	2.4	23	24	0.974532	0.00579479	 0.00636577
-2.4	-2.1	24	25	0.952104	0.00637571	 0.00689441
-2.1	-1.6	24	25	0.948553	0.00483287	 0.00517204
-1.6	-1.2	24	25	0.988361	0.00242059	 0.0027805
-1.2	-0.8	24	25	0.965832	0.00440599	 0.00463836
-0.8	-0.3	24	25	0.983244	0.002828	 0.00308504
-0.3	-0.2	24	25	0.897323	0.015188	 0.0158521
-0.2	0	24	25	0.979381	0.00406736	 0.00467819
0	0.2	24	25	0.964128	0.00681994	 0.00741276
0.2	0.3	24	25	0.924915	0.0140629	 0.0136699
0.3	0.8	24	25	0.97944	0.00295988	 0.00319308
0.8	1.2	24	25	0.964905	0.0041599	 0.0044994
1.2	1.6	24	25	0.986842	0.00299544	 0.00355918
1.6	2.1	24	25	0.958212	0.00472767	 0.00491774
2.1	2.4	24	25	0.954621	0.00703299	 0.00757381
-2.4	-2.1	25	26	0.968949	0.00648766	 0.00710108
-2.1	-1.6	25	26	0.938773	0.00499312	 0.00526511
-1.6	-1.2	25	26	0.986235	0.00243754	 0.00276248
-1.2	-0.8	25	26	0.966618	0.00386549	 0.00420391
-0.8	-0.3	25	26	0.981275	0.00240912	 0.00265812
-0.3	-0.2	25	26	0.900466	0.011877	 0.0127178
-0.2	0	25	26	0.97801	0.00466798	 0.00525442
0	0.2	25	26	0.983351	0.00363574	 0.00416982
0.2	0.3	25	26	0.89876	0.012831	 0.0139537
0.3	0.8	25	26	0.980473	0.00274598	 0.00293771
0.8	1.2	25	26	0.957668	0.00457582	 0.00490571
1.2	1.6	25	26	0.982894	0.00325555	 0.00354091
1.6	2.1	25	26	0.963796	0.00410524	 0.00436471
2.1	2.4	25	26	0.960142	0.00647488	 0.00694592
-2.4	-2.1	26	30	0.952732	0.00296315	 0.00299327
-2.1	-1.6	26	30	0.938967	0.00268682	 0.00275678
-1.6	-1.2	26	30	0.982734	0.00147287	 0.00153832
-1.2	-0.8	26	30	0.957082	0.00228636	 0.00231049
-0.8	-0.3	26	30	0.965862	0.00166724	 0.00166495
-0.3	-0.2	26	30	0.876797	0.00608183	 0.00622332
-0.2	0	26	30	0.955036	0.00248	 0.00256005
0	0.2	26	30	0.951358	0.00275707	 0.00277505
0.2	0.3	26	30	0.870616	0.00591314	 0.00614785
0.3	0.8	26	30	0.961416	0.00164479	 0.00164882
0.8	1.2	26	30	0.952774	0.00234496	 0.00238937
1.2	1.6	26	30	0.981648	0.00163956	 0.00182457
1.6	2.1	26	30	0.947769	0.0023982	 0.00246348
2.1	2.4	26	30	0.954757	0.0029022	 0.00303053
-2.4	-2.1	30	35	0.944883	0.00272868	 0.0027256
-2.1	-1.6	30	35	0.931656	0.00211197	 0.00211589
-1.6	-1.2	30	35	0.979929	0.0011283	 0.0011558
-1.2	-0.8	30	35	0.946313	0.00188992	 0.00190527
-0.8	-0.3	30	35	0.961478	0.00127956	 0.0012844
-0.3	-0.2	30	35	0.870147	0.00459779	 0.0046456
-0.2	0	30	35	0.957576	0.00196107	 0.00197539
0	0.2	30	35	0.952258	0.00187518	 0.0019287
0.2	0.3	30	35	0.869946	0.00451731	 0.00455416
0.3	0.8	30	35	0.961819	0.0012491	 0.00119936
0.8	1.2	30	35	0.941609	0.00193652	 0.00194948
1.2	1.6	30	35	0.978342	0.00134053	 0.00137988
1.6	2.1	30	35	0.940759	0.00202538	 0.00200054
2.1	2.4	30	35	0.955724	0.00258241	 0.00264075
-2.4	-2.1	35	40	0.940309	0.00260837	 0.00263285
-2.1	-1.6	35	40	0.921978	0.00186812	 0.00186302
-1.6	-1.2	35	40	0.973348	0.00123192	 0.00124322
-1.2	-0.8	35	40	0.939435	0.0015463	 0.0015531
-0.8	-0.3	35	40	0.965017	0.000916377	 0.000933787
-0.3	-0.2	35	40	0.8693	0.00394643	 0.00399196
-0.2	0	35	40	0.96877	0.00140242	 0.0014058
0	0.2	35	40	0.967556	0.00150762	 0.00154484
0.2	0.3	35	40	0.871995	0.00393731	 0.00396335
0.3	0.8	35	40	0.968305	0.000864784	 0.00126551
0.8	1.2	35	40	0.937237	0.00143294	 0.00145714
1.2	1.6	35	40	0.970786	0.00120079	 0.00121537
1.6	2.1	35	40	0.931038	0.00181019	 0.00181866
2.1	2.4	35	40	0.943768	0.00233796	 0.00235949
-2.4	-2.1	40	50	0.929085	0.00194016	 0.00202628
-2.1	-1.6	40	50	0.911054	0.00121389	 0.00123306
-1.6	-1.2	40	50	0.967465	4.19823e-05	 4.19823e-05
-1.2	-0.8	40	50	0.942188	0.00094767	 0.000958507
-0.8	-0.3	40	50	0.974069	0.000608369	 0.000613122
-0.3	-0.2	40	50	0.873592	4.95894e-05	 4.95894e-05
-0.2	0	40	50	0.973855	0.000941996	 0.000941996
0	0.2	40	50	0.973448	0.000891419	 0.000921979
0.2	0.3	40	50	0.867338	0.00275332	 0.00277248
0.3	0.8	40	50	0.976176	0.00058021	 0.000587487
0.8	1.2	40	50	0.940523	0.00102337	 0.0010186
1.2	1.6	40	50	0.966903	0.000753714	 0.000769755
1.6	2.1	40	50	0.921662	0.00119185	 0.00117814
2.1	2.4	40	50	0.932218	0.0016727	 0.0016753
-2.4	-2.1	50	60	0.921508	0.00397632	 0.00405678
-2.1	-1.6	50	60	0.915276	0.00271212	 0.00271936
-1.6	-1.2	50	60	0.968528	0.00172523	 0.00177126
-1.2	-0.8	50	60	0.946044	0.00232945	 0.0028476
-0.8	-0.3	50	60	0.975266	0.00126701	 0.00131736
-0.3	-0.2	50	60	0.870504	0.00628293	 0.006426
-0.2	0	50	60	0.975245	0.0018994	 0.00196613
0	0.2	50	60	0.972079	0.00183238	 0.00192392
0.2	0.3	50	60	0.868719	0.00538357	 0.00561603
0.3	0.8	50	60	0.975079	0.00110871	 0.00110871
0.8	1.2	50	60	0.943003	0.00193682	 0.00194564
1.2	1.6	50	60	0.970955	0.00168176	 0.00172856
1.6	2.1	50	60	0.923501	0.00249789	 0.00253116
2.1	2.4	50	60	0.924414	0.00387429	 0.00394458
-2.4	-2.1	60	80	0.925793	0.00595919	 0.00608107
-2.1	-1.6	60	80	0.924805	0.0038876	 0.00396151
-1.6	-1.2	60	80	0.965017	0.00241907	 0.00244576
-1.2	-0.8	60	80	0.947711	0.00293168	 0.00299901
-0.8	-0.3	60	80	0.977409	0.00165666	 0.00171928
-0.3	-0.2	60	80	0.87855	0.00778494	 0.00812062
-0.2	0	60	80	0.974761	0.00278211	 0.00302323
0	0.2	60	80	0.976763	0.00265327	 0.00281525
0.2	0.3	60	80	0.884542	0.00816415	 0.0081831
0.3	0.8	60	80	0.977703	0.00169581	 0.00176053
0.8	1.2	60	80	0.944713	0.00299458	 0.00306777
1.2	1.6	60	80	0.972922	0.00234291	 0.00243984
1.6	2.1	60	80	0.930477	0.00372654	 0.00381019
2.1	2.4	60	80	0.935371	0.00503289	 0.0050771
-2.4	-2.1	80	120	0.943574	0.00861784	 0.00898511
-2.1	-1.6	80	120	0.927344	0.0067264	 0.00697185
-1.6	-1.2	80	120	0.971173	0.00328741	 0.00355987
-1.2	-0.8	80	120	0.940904	0.00448957	 0.0182029
-0.8	-0.3	80	120	0.974034	0.00304379	 0.0032983
-0.3	-0.2	80	120	0.873922	0.0144221	 0.0151727
-0.2	0	80	120	0.977499	0.00389517	 0.00435971
0	0.2	80	120	0.976762	0.00406847	 0.00452209
0.2	0.3	80	120	0.904063	0.0112909	 0.0121777
0.3	0.8	80	120	0.974723	0.00261485	 0.00279604
0.8	1.2	80	120	0.948379	0.00471961	 0.00492942
1.2	1.6	80	120	0.969375	0.00364619	 0.00378508
1.6	2.1	80	120	0.931091	0.00535441	 0.00563743
2.1	2.4	80	120	0.942819	0.00874559	 0.00927662
-2.4	-2.1	120	200	0.912823	0.0235956	 0.0294575
-2.1	-1.6	120	200	0.912788	0.0158592	 0.016526
-1.6	-1.2	120	200	0.968896	0.0147604	 0.00859373
-1.2	-0.8	120	200	0.943292	0.0106976	 0.0116798
-0.8	-0.3	120	200	0.958346	0.00681867	 0.00761625
-0.3	-0.2	120	200	0.868157	0.0285454	 0.0316782
-0.2	0	120	200	0.990453	0.00449569	 0.00656704
0	0.2	120	200	0.986187	0.00695977	 0.00916904
0.2	0.3	120	200	0.895393	0.0283971	 0.0324426
0.3	0.8	120	200	0.969432	0.00807845	 0.00690355
0.8	1.2	120	200	0.944722	0.00946027	 0.0106257
1.2	1.6	120	200	0.971372	0.00718345	 0.00865614
1.6	2.1	120	200	0.927561	0.0126093	 0.0137634
2.1	2.4	120	200	0.963239	0.0280819	 0.0310734
