etamin	etamax	ptmin	ptmax	eff	deff_high	deff_low
-2.4	-2.1	10	12	0.90095	0.0232386	 0.0270284
-2.1	-1.6	10	12	0.952971	0.0143376	 0.0165717
-1.6	-1.2	10	12	0.940154	0.0159492	 0.0192434
-1.2	-0.8	10	12	0.785806	0.0356692	 0.0393058
-0.8	-0.3	10	12	0.993801	0.00619879	 0.0142235
-0.3	-0.2	10	12	0.877743	0.122257	 0.352053
-0.2	0.2	10	12	0.832672	0.0544973	 0.0632153
0.2	0.3	10	12	0.806401	0.103738	 0.152832
0.3	0.8	10	12	0.930522	0.0248923	 0.0319375
0.8	1.2	10	12	0.815115	0.0301292	 0.032925
1.2	1.6	10	12	0.928104	0.017158	 0.0200308
1.6	2.1	10	12	0.959614	0.0142539	 0.0181367
2.1	2.4	10	12	0.904938	0.0279742	 0.0325797
-2.4	-2.1	12	14	0.930899	0.0180883	 0.0180883
-2.1	-1.6	12	14	0.935344	0.0141223	 0.0158974
-1.6	-1.2	12	14	0.966495	0.011945	 0.0142845
-1.2	-0.8	12	14	0.813306	0.0289326	 0.0298977
-0.8	-0.3	12	14	0.95306	0.0145817	 0.0182119
-0.3	-0.2	12	14	0.813114	0.0680076	 0.080901
-0.2	0.2	12	14	0.923146	0.0428198	 0.0312195
0.2	0.3	12	14	0.68974	0.103949	 0.142611
0.3	0.8	12	14	0.934673	0.015466	 0.018359
0.8	1.2	12	14	0.769704	0.0338499	 0.0354704
1.2	1.6	12	14	0.94073	0.0133004	 0.0154548
1.6	2.1	12	14	0.940884	0.0123427	 0.0136986
2.1	2.4	12	14	0.952214	0.0167051	 0.0174932
-2.4	-2.1	14	16	0.914541	0.0162306	 0.0183709
-2.1	-1.6	14	16	0.954383	0.00943998	 0.010639
-1.6	-1.2	14	16	0.944672	0.0110486	 0.0127026
-1.2	-0.8	14	16	0.785092	0.0222378	 0.0232581
-0.8	-0.3	14	16	0.944206	0.0149432	 0.0160823
-0.3	-0.2	14	16	0.755562	0.0808029	 0.0885338
-0.2	0.2	14	16	0.929275	0.0196111	 0.021112
0.2	0.3	14	16	0.767821	0.0533672	 0.0600031
0.3	0.8	14	16	0.94239	0.0122992	 0.014345
0.8	1.2	14	16	0.799214	0.0230593	 0.0240248
1.2	1.6	14	16	0.945204	0.0107146	 0.0122849
1.6	2.1	14	16	0.925219	0.0115504	 0.0129913
2.1	2.4	14	16	0.925985	0.0148477	 0.0170549
-2.4	-2.1	16	18	0.942832	0.013591	 0.015354
-2.1	-1.6	16	18	0.950895	0.00899491	 0.00998522
-1.6	-1.2	16	18	0.94913	0.0090095	 0.0101643
-1.2	-0.8	16	18	0.757266	0.0202819	 0.0207406
-0.8	-0.3	16	18	0.95969	0.0102871	 0.011644
-0.3	-0.2	16	18	0.702849	0.0594321	 0.0614908
-0.2	0.2	16	18	0.921793	0.0162895	 0.0182711
0.2	0.3	16	18	0.72167	0.0517708	 0.0550059
0.3	0.8	16	18	0.934143	0.0108182	 0.0120929
0.8	1.2	16	18	0.731597	0.0200354	 0.0204083
1.2	1.6	16	18	0.951597	0.00876761	 0.00993293
1.6	2.1	16	18	0.941153	0.00910834	 0.0100359
2.1	2.4	16	18	0.900201	0.0159348	 0.0176389
-2.4	-2.1	18	20	0.936645	0.0107872	 0.0120802
-2.1	-1.6	18	20	0.947407	0.00811433	 0.00885795
-1.6	-1.2	18	20	0.937392	0.00907567	 0.0100175
-1.2	-0.8	18	20	0.776777	0.0165443	 0.0172444
-0.8	-0.3	18	20	0.96565	0.00610434	 0.00689627
-0.3	-0.2	18	20	0.733806	0.0485323	 0.0519585
-0.2	0.2	18	20	0.902947	0.0143942	 0.0152656
0.2	0.3	18	20	0.739893	0.0449938	 0.0430583
0.3	0.8	18	20	0.970752	0.00556006	 0.00633981
0.8	1.2	18	20	0.775726	0.0158611	 0.0166303
1.2	1.6	18	20	0.925299	0.0095392	 0.0104273
1.6	2.1	18	20	0.936453	0.00800294	 0.00870939
2.1	2.4	18	20	0.914885	0.012516	 0.0137664
-2.4	-2.1	20	25	0.954883	0.0050735	 0.0052997
-2.1	-1.6	20	25	0.950401	0.00370324	 0.00391591
-1.6	-1.2	20	25	0.949284	0.0047123	 0.00454901
-1.2	-0.8	20	25	0.789848	0.00861749	 0.00872807
-0.8	-0.3	20	25	0.963943	0.00316003	 0.00339647
-0.3	-0.2	20	25	0.726429	0.0172631	 0.017693
-0.2	0.2	20	25	0.904969	0.00590585	 0.00590585
0.2	0.3	20	25	0.755975	0.0166891	 0.0174063
0.3	0.8	20	25	0.960642	0.0032162	 0.00338971
0.8	1.2	20	25	0.777048	0.00817351	 0.00833245
1.2	1.6	20	25	0.944196	0.000297503	 0.000297503
1.6	2.1	20	25	0.94756	0.00389711	 0.00403729
2.1	2.4	20	25	0.941273	0.00550203	 0.00578843
-2.4	-2.1	25	30	0.954892	0.00397222	 0.00419872
-2.1	-1.6	25	30	0.959762	0.00309285	 0.0032126
-1.6	-1.2	25	30	0.947718	0.00328091	 0.00343697
-1.2	-0.8	25	30	0.784893	0.00665275	 0.00662788
-0.8	-0.3	25	30	0.965197	0.00243582	 0.00248881
-0.3	-0.2	25	30	0.713743	0.0121115	 0.0123579
-0.2	0.2	25	30	0.908995	0.00385102	 0.00384075
0.2	0.3	25	30	0.768606	0.0119887	 0.0121376
0.3	0.8	25	30	0.957736	0.00261996	 0.00268824
0.8	1.2	25	30	0.785445	0.00626203	 0.0063726
1.2	1.6	25	30	0.941522	-0	 -0
1.6	2.1	25	30	0.949392	0.00306913	 0.00317853
2.1	2.4	25	30	0.943153	0.00505079	 0.00529188
-2.4	-2.1	30	35	0.954268	0.000188142	 0.000188142
-2.1	-1.6	30	35	0.94561	0.00302432	 0.00314427
-1.6	-1.2	30	35	0.941093	0.00333465	 0.00335116
-1.2	-0.8	30	35	0.796468	0.00515398	 0.00515574
-0.8	-0.3	30	35	0.964653	0.00190543	 0.00188818
-0.3	-0.2	30	35	0.712406	0.00979381	 0.00985082
-0.2	0.2	30	35	0.915683	0.00300929	 0.00307039
0.2	0.3	30	35	0.763417	0.00926718	 0.00933621
0.3	0.8	30	35	0.961818	0.00186385	 0.00189666
0.8	1.2	30	35	0.780812	0.00532485	 0.00522964
1.2	1.6	30	35	0.942421	0.00316126	 0.0032393
1.6	2.1	30	35	0.952452	0.00257984	 0.00264488
2.1	2.4	30	35	0.946698	0.00414977	 0.0043063
-2.4	-2.1	35	40	0.955884	0.00317673	 0.00327097
-2.1	-1.6	35	40	0.946483	0.00247447	 0.0024558
-1.6	-1.2	35	40	0.947212	0.00256013	 0.00255031
-1.2	-0.8	35	40	0.789816	0.0039843	 0.00401
-0.8	-0.3	35	40	0.963896	0.00161402	 0.00156609
-0.3	-0.2	35	40	0.734114	0.00842114	 0.00847776
-0.2	0.2	35	40	0.912754	0.00252751	 0.00256262
0.2	0.3	35	40	0.757595	0.0077207	 0.00783486
0.3	0.8	35	40	0.959127	0.00168012	 0.00168828
0.8	1.2	35	40	0.784915	0.00397584	 0.00400167
1.2	1.6	35	40	0.934324	0.00253261	 0.00260012
1.6	2.1	35	40	0.951314	0.0022015	 0.00226685
2.1	2.4	35	40	0.942071	0.0038484	 0.00397195
-2.4	-2.1	40	60	0.95414	0.0022233	 0.00231986
-2.1	-1.6	40	60	0.94757	0.0013776	 0.0013776
-1.6	-1.2	40	60	0.947614	0.00143557	 0.00144161
-1.2	-0.8	40	60	0.780551	0.0155004	 0.016003
-0.8	-0.3	40	60	0.960272	0.000970703	 0.000987972
-0.3	-0.2	40	60	0.744216	0.00518502	 0.00515108
-0.2	0.2	40	60	0.913311	0.00169903	 0.0017072
0.2	0.3	40	60	0.758594	0.00501775	 0.00500563
0.3	0.8	40	60	0.959524	0.00104744	 0.00105452
0.8	1.2	40	60	0.783459	0.00251774	 0.00252233
1.2	1.6	40	60	0.939656	0.00157254	 0.00159275
1.6	2.1	40	60	0.949672	0.0013368	 0.00136147
2.1	2.4	40	60	0.947894	0.00212465	 0.00218484
-2.4	-2.1	60	100	0.955379	0.00665707	 0.00713779
-2.1	-1.6	60	100	0.950896	0.00396763	 0.00421806
-1.6	-1.2	60	100	0.952543	0.00679977	 0.00679977
-1.2	-0.8	60	100	0.778284	0.00752718	 0.00788765
-0.8	-0.3	60	100	0.952641	0.00335011	 0.003465
-0.3	-0.2	60	100	0.690488	0.0160907	 0.016383
-0.2	0.2	60	100	0.915241	0.00475742	 0.00487954
0.2	0.3	60	100	0.744411	0.0156088	 0.0159145
0.3	0.8	60	100	0.95472	0.00313421	 0.00326859
0.8	1.2	60	100	0.766696	0.0082284	 0.00832661
1.2	1.6	60	100	0.941868	0.00474756	 0.00498547
1.6	2.1	60	100	0.935649	0.00488473	 0.00506011
2.1	2.4	60	100	0.939338	0.00864619	 0.00866647
-2.4	-2.1	100	200	0.913888	0.0282528	 0.0337907
-2.1	-1.6	100	200	0.895497	0.0178763	 0.0178604
-1.6	-1.2	100	200	0.920846	0.0151512	 0.0166976
-1.2	-0.8	100	200	0.767927	0.0200589	 0.0213564
-0.8	-0.3	100	200	0.961662	0.00738673	 0.00840066
-0.3	-0.2	100	200	0.737039	0.0445672	 0.0460676
-0.2	0.2	100	200	0.902651	0.0133902	 0.0146156
0.2	0.3	100	200	0.723964	0.0385294	 0.0409131
0.3	0.8	100	200	0.955292	0.0137921	 0.0176386
0.8	1.2	100	200	0.750662	0.0236684	 0.0245041
1.2	1.6	100	200	0.882261	0.0160761	 0.0174123
1.6	2.1	100	200	0.918488	0.0168532	 0.0176179
2.1	2.4	100	200	0.918614	0.0270223	 0.0347624
