etamin	etamax	ptmin	ptmax	eff	deff_high	deff_low
-2.4	-2.1	10	13	0.92284	0.0536712	 0.052112
-2.1	-1.6	10	13	0.86138	0.0325945	 0.0380438
-1.6	-1.2	10	13	0.98684	0.00917521	 0.0175857
-1.2	-0.8	10	13	0.971034	0.0163078	 0.0256271
-0.8	-0.3	10	13	0.999998	2.3358e-06	 0.0453158
-0.3	-0.2	10	13	0.704093	0.12767	 0.155518
-0.2	0.2	10	13	1	0	 0.0713181
0.2	0.3	10	13	1	0	 0.370202
0.3	0.8	10	13	0.955604	0.0242013	 0.0376423
0.8	1.2	10	13	1	0	 0.0290522
1.2	1.6	10	13	0.952048	0.0302194	 0.0277468
1.6	2.1	10	13	0.932252	0.022003	 0.0275631
2.1	2.4	10	13	0.905791	0.0390624	 0.0525257
-2.4	-2.1	13	16	0.945948	0.0268886	 0.0332043
-2.1	-1.6	13	16	0.938622	0.0163884	 0.0197723
-1.6	-1.2	13	16	0.958438	0.0158091	 0.0210401
-1.2	-0.8	13	16	0.974217	0.0139304	 0.0180133
-0.8	-0.3	13	16	0.980292	0.0143683	 0.0206851
-0.3	-0.2	13	16	1	1.01161e-10	 0.05863
-0.2	0.2	13	16	0.941712	0.0317387	 0.0489853
0.2	0.3	13	16	0.837169	0.0859928	 0.101783
0.3	0.8	13	16	0.964014	0.0169651	 0.0249304
0.8	1.2	13	16	0.948797	0.0179636	 0.0232371
1.2	1.6	13	16	0.985022	0.00926573	 0.0139883
1.6	2.1	13	16	0.881276	0.0224116	 0.0252592
2.1	2.4	13	16	0.946015	0.0224032	 0.0302975
-2.4	-2.1	16	20	0.920008	0.0170722	 0.0197734
-2.1	-1.6	16	20	0.945146	0.0152395	 0.0167545
-1.6	-1.2	16	20	0.994588	0.00433477	 0.00509006
-1.2	-0.8	16	20	0.934242	0.0118678	 0.0137698
-0.8	-0.3	16	20	0.971449	0.00965761	 0.0119185
-0.3	-0.2	16	20	0.91695	0.0340565	 0.0454923
-0.2	0.2	16	20	0.987717	0.00675852	 0.0107631
0.2	0.3	16	20	0.827908	0.0555088	 0.0694808
0.3	0.8	16	20	0.990683	0.00439967	 0.00641006
0.8	1.2	16	20	0.946505	0.0150495	 0.0154721
1.2	1.6	16	20	0.987293	0.00609121	 0.00787021
1.6	2.1	16	20	0.935361	0.0119622	 0.0148218
2.1	2.4	16	20	0.933196	0.0184722	 0.0187239
-2.4	-2.1	20	25	0.926898	0.0144554	 0.015606
-2.1	-1.6	20	25	0.934071	0.00807322	 0.00875876
-1.6	-1.2	20	25	0.993232	0.00359167	 0.00473251
-1.2	-0.8	20	25	0.950783	0.00887004	 0.00975275
-0.8	-0.3	20	25	0.985077	0.00419757	 0.00491707
-0.3	-0.2	20	25	0.888211	0.0238674	 0.0272929
-0.2	0.2	20	25	0.960548	0.0088264	 0.00965421
0.2	0.3	20	25	0.809483	0.0309486	 0.0340275
0.3	0.8	20	25	0.967808	0.00557364	 0.00633295
0.8	1.2	20	25	0.941647	0.0113104	 0.00949649
1.2	1.6	20	25	0.98099	0.00538036	 0.00547736
1.6	2.1	20	25	0.951997	0.00857019	 0.00930095
2.1	2.4	20	25	0.931943	0.0120657	 0.0132316
-2.4	-2.1	25	30	0.935507	0.00920075	 0.0101283
-2.1	-1.6	25	30	0.93931	0.00647045	 0.0069308
-1.6	-1.2	25	30	0.980402	0.00425529	 0.0048215
-1.2	-0.8	25	30	0.948839	0.00643035	 0.00699563
-0.8	-0.3	25	30	0.980323	0.00330792	 0.00372062
-0.3	-0.2	25	30	0.856119	0.0185059	 0.0199504
-0.2	0.2	25	30	0.976819	0.00424967	 0.0048039
0.2	0.3	25	30	0.816058	0.0202211	 0.0215285
0.3	0.8	25	30	0.983966	0.00302532	 0.00342264
0.8	1.2	25	30	0.933091	0.00716918	 0.00774151
1.2	1.6	25	30	0.980309	0.00398816	 0.00458532
1.6	2.1	25	30	0.938696	0.00760709	 0.00816049
2.1	2.4	25	30	0.940186	0.00961034	 0.0103039
-2.4	-2.1	30	50	0.939211	0.00451097	 0.00465219
-2.1	-1.6	30	50	0.920572	0.00314716	 0.00320616
-1.6	-1.2	30	50	0.985348	0.00124092	 0.00131964
-1.2	-0.8	30	50	0.943531	0.00230622	 0.00237868
-0.8	-0.3	30	50	0.978998	0.00120547	 0.0012467
-0.3	-0.2	30	50	0.84088	0.00671535	 0.00691081
-0.2	0.2	30	50	0.969219	0.00157564	 0.0016297
0.2	0.3	30	50	0.832534	0.00706048	 0.0072388
0.3	0.8	30	50	0.977542	0.00127055	 0.00131284
0.8	1.2	30	50	0.941886	0.0023023	 0.00236247
1.2	1.6	30	50	0.978226	0.00158277	 0.00158277
1.6	2.1	30	50	0.93561	0.0027069	 0.00271429
2.1	2.4	30	50	0.933785	0.00402663	 0.00415077
-2.4	-2.1	50	200	0.94105	0.00896858	 0.00957239
-2.1	-1.6	50	200	0.92951	0.00646839	 0.00674915
-1.6	-1.2	50	200	0.983595	0.00262662	 0.00295193
-1.2	-0.8	50	200	0.937215	0.00506262	 0.00537043
-0.8	-0.3	50	200	0.977147	0.00257214	 0.00277846
-0.3	-0.2	50	200	0.825786	0.0174766	 0.0184094
-0.2	0.2	50	200	0.971654	0.00321275	 0.00348255
0.2	0.3	50	200	0.829524	0.0157377	 0.0163585
0.3	0.8	50	200	0.981814	0.00230449	 0.00251077
0.8	1.2	50	200	0.934609	0.00510098	 0.00535889
1.2	1.6	50	200	0.980962	0.00283532	 0.00317275
1.6	2.1	50	200	0.939389	0.00524592	 0.00544559
2.1	2.4	50	200	0.935966	0.00919032	 0.00954463
