etamin	etamax	ptmin	ptmax	eff	deff_high	deff_low
-2.4	-2.1	10	12	0.947214	0.0116834	 0.0132215
-2.1	-1.6	10	12	0.946831	0.00969723	 0.0107122
-1.6	-1.2	10	12	0.977899	0.00743839	 0.0099735
-1.2	-0.8	10	12	0.956385	0.0119184	 0.0136837
-0.8	-0.3	10	12	0.951211	0.0149025	 0.0177517
-0.3	-0.2	10	12	0.722069	0.0937263	 0.0946185
-0.2	0.2	10	12	0.923708	0.0262935	 0.0280774
0.2	0.3	10	12	0.908089	0.0424425	 0.0596922
0.3	0.8	10	12	0.965944	0.0101037	 0.0126305
0.8	1.2	10	12	0.941587	0.013199	 0.013199
1.2	1.6	10	12	0.988846	0.00524822	 0.00666548
1.6	2.1	10	12	0.953657	0.00758896	 0.00852568
2.1	2.4	10	12	0.929302	0.0150622	 0.0169976
-2.4	-2.1	12	14	0.957734	0.00805257	 0.00922255
-2.1	-1.6	12	14	0.961163	0.00727113	 0.00797968
-1.6	-1.2	12	14	0.984548	0.00459479	 0.00554765
-1.2	-0.8	12	14	0.957861	0.00826912	 0.00929228
-0.8	-0.3	12	14	0.971668	0.00886226	 0.0106747
-0.3	-0.2	12	14	0.840586	0.0516475	 0.0582673
-0.2	0.2	12	14	0.978821	0.00806844	 0.0107967
0.2	0.3	12	14	0.728245	0.0528248	 0.0662298
0.3	0.8	12	14	0.964632	0.00765359	 0.00892614
0.8	1.2	12	14	0.947567	0.00883183	 0.00973188
1.2	1.6	12	14	0.974259	0.00569992	 0.00670904
1.6	2.1	12	14	0.95608	0.00672512	 0.0078175
2.1	2.4	12	14	0.944821	0.0100375	 0.0110444
-2.4	-2.1	14	16	0.936846	0.00891277	 0.00953216
-2.1	-1.6	14	16	0.948953	0.00682386	 0.00723632
-1.6	-1.2	14	16	0.987902	0.0032963	 0.00392302
-1.2	-0.8	14	16	0.937818	0.007944	 0.00856502
-0.8	-0.3	14	16	0.950264	0.00804165	 0.00860636
-0.3	-0.2	14	16	0.807866	0.0382354	 0.0411784
-0.2	0.2	14	16	0.928235	0.0130353	 0.015792
0.2	0.3	14	16	0.857761	0.0371153	 0.0433316
0.3	0.8	14	16	0.966909	0.00643572	 0.00738118
0.8	1.2	14	16	0.955698	0.0067346	 0.00747674
1.2	1.6	14	16	0.975491	0.00542737	 0.00602445
1.6	2.1	14	16	0.953666	-0	 -0
2.1	2.4	14	16	0.948365	0.00908019	 0.00989017
-2.4	-2.1	16	18	0.93574	0.00813274	 0.00882917
-2.1	-1.6	16	18	0.952349	0.0051225	 0.00552116
-1.6	-1.2	16	18	0.985718	0.00295273	 0.00341629
-1.2	-0.8	16	18	0.95738	0.00582009	 0.0061858
-0.8	-0.3	16	18	0.965689	0.0050352	 0.00553625
-0.3	-0.2	16	18	0.731647	0.0325471	 0.0347593
-0.2	0.2	16	18	0.933822	0.0100969	 0.0107324
0.2	0.3	16	18	0.742714	0.0372109	 0.0412583
0.3	0.8	16	18	0.948528	0.00601275	 0.00649935
0.8	1.2	16	18	0.94805	0.00604391	 0.00654211
1.2	1.6	16	18	0.979187	0.0037601	 0.00429479
1.6	2.1	16	18	0.948734	0.00506721	 0.00540626
2.1	2.4	16	18	0.927949	0.00965273	 0.0101095
-2.4	-2.1	18	20	0.941676	0.00626417	 0.00672259
-2.1	-1.6	18	20	0.948722	0.00500225	 0.00500264
-1.6	-1.2	18	20	0.985339	0.00264503	 0.00301723
-1.2	-0.8	18	20	0.952703	0.00579091	 0.00616953
-0.8	-0.3	18	20	0.960412	0.00454	 0.00485303
-0.3	-0.2	18	20	0.784721	0.0253228	 0.0270547
-0.2	0.2	18	20	0.941766	0.00968357	 0.00846223
0.2	0.3	18	20	0.798937	0.0213445	 0.0221576
0.3	0.8	18	20	0.968114	0.00414286	 0.00441484
0.8	1.2	18	20	0.944139	0.00541702	 0.00575326
1.2	1.6	18	20	0.981184	0.00357601	 0.00395547
1.6	2.1	18	20	0.954516	0.00485154	 0.00507258
2.1	2.4	18	20	0.940245	0.0070654	 0.00753414
-2.4	-2.1	20	25	0.95037	0.00330947	 0.00345519
-2.1	-1.6	20	25	0.955645	0.00249579	 0.00258076
-1.6	-1.2	20	25	0.984023	0.00142597	 0.0015163
-1.2	-0.8	20	25	0.953561	0.00275018	 0.00274845
-0.8	-0.3	20	25	0.966901	0.00203687	 0.0021052
-0.3	-0.2	20	25	0.759168	0.011009	 0.0112506
-0.2	0.2	20	25	0.947603	0.00284861	 0.00292935
0.2	0.3	20	25	0.808511	0.01017	 0.0104663
0.3	0.8	20	25	0.962636	0.00227414	 0.00234062
0.8	1.2	20	25	0.95115	0.00276024	 0.00282804
1.2	1.6	20	25	0.979226	0.00169423	 0.00177645
1.6	2.1	20	25	0.958533	0.00226583	 0.0023009
2.1	2.4	20	25	0.945282	0.00350292	 0.00362783
-2.4	-2.1	25	30	0.95509	0.00303367	 0.00314023
-2.1	-1.6	25	30	0.950561	0.0020971	 0.00209568
-1.6	-1.2	25	30	0.984223	0.00133936	 0.00140518
-1.2	-0.8	25	30	0.951215	0.00230382	 0.00240596
-0.8	-0.3	25	30	0.963487	0.00157172	 0.0015945
-0.3	-0.2	25	30	0.791336	0.00726743	 0.00728444
-0.2	0.2	25	30	0.949593	0.0018421	 0.00186203
0.2	0.3	25	30	0.799458	0.00691618	 0.00699787
0.3	0.8	25	30	0.964737	0.00142815	 0.00146572
0.8	1.2	25	30	0.946882	0.00228798	 0.00233512
1.2	1.6	25	30	0.977909	0.00154404	 0.00166715
1.6	2.1	25	30	0.954503	0.00185737	 0.00190918
2.1	2.4	25	30	0.946471	0.00320148	 0.00327113
-2.4	-2.1	30	35	0.956588	0.00244464	 0.00248577
-2.1	-1.6	30	35	0.95195	0.00172179	 0.00174872
-1.6	-1.2	30	35	0.98461	0.00118775	 0.0013116
-1.2	-0.8	30	35	0.948524	0.0016536	 0.00169494
-0.8	-0.3	30	35	0.966747	0.00118556	 0.00117701
-0.3	-0.2	30	35	0.777205	0.00580267	 0.00583684
-0.2	0.2	30	35	0.951453	0.00148773	 0.0014899
0.2	0.3	30	35	0.807491	0.00541228	 0.00543971
0.3	0.8	30	35	0.965259	0.00109855	 0.00111791
0.8	1.2	30	35	0.950199	0.00174856	 0.00175643
1.2	1.6	30	35	0.977195	0.00137645	 0.00137362
1.6	2.1	30	35	0.953331	0.00163272	 0.00165406
2.1	2.4	30	35	0.948911	0.00268326	 0.0027197
-2.4	-2.1	35	40	0.957273	0.00204897	 0.00207839
-2.1	-1.6	35	40	0.952403	0.00151085	 0.00152834
-1.6	-1.2	35	40	0.985543	0.000807387	 0.000825436
-1.2	-0.8	35	40	0.946371	0.00134575	 0.00135999
-0.8	-0.3	35	40	0.96487	0.00100123	 0.000967413
-0.3	-0.2	35	40	0.789611	0.00475182	 0.00479214
-0.2	0.2	35	40	0.951189	0.00126834	 0.00126815
0.2	0.3	35	40	0.810115	0.00477065	 0.00463249
0.3	0.8	35	40	0.965921	0.000941063	 0.000936911
0.8	1.2	35	40	0.947609	0.00139722	 0.00140649
1.2	1.6	35	40	0.976247	0.000984797	 0.00101208
1.6	2.1	35	40	0.953695	0.0014972	 0.00148935
2.1	2.4	35	40	0.951406	0.00229712	 0.002333
-2.4	-2.1	40	60	0.955962	0.00138877	 0.00139807
-2.1	-1.6	40	60	0.951612	0.000908276	 0.000907351
-1.6	-1.2	40	60	0.985026	0.000510824	 0.000516857
-1.2	-0.8	40	60	0.948989	0.000868022	 0.000868227
-0.8	-0.3	40	60	0.964393	0.000625436	 0.00062045
-0.3	-0.2	40	60	0.78181	0.00305687	 0.00307434
-0.2	0.2	40	60	0.95038	0.000802357	 0.00080173
0.2	0.3	40	60	0.805127	0.00305129	 0.00306724
0.3	0.8	40	60	0.96359	0.000615722	 0.000613046
0.8	1.2	40	60	0.946012	0.000877169	 0.000878633
1.2	1.6	40	60	0.975123	0.000592168	 0.000602286
1.6	2.1	40	60	0.954226	0.000888519	 0.000889014
2.1	2.4	40	60	0.946582	0.00138478	 0.00141597
-2.4	-2.1	60	100	0.953008	0.00429578	 0.00423147
-2.1	-1.6	60	100	0.94636	0.00300326	 0.00306618
-1.6	-1.2	60	100	0.982185	0.00178647	 0.00192061
-1.2	-0.8	60	100	0.948032	0.00281503	 0.00292427
-0.8	-0.3	60	100	0.962549	0.00189177	 0.00192786
-0.3	-0.2	60	100	0.762284	0.00998018	 0.0101385
-0.2	0.2	60	100	0.946669	0.00363308	 0.00375144
0.2	0.3	60	100	0.789815	0.00905754	 0.00931968
0.3	0.8	60	100	0.961058	0.00395312	 0.0018208
0.8	1.2	60	100	0.948497	0.00249505	 0.00257017
1.2	1.6	60	100	0.974608	0.00203317	 0.00212335
1.6	2.1	60	100	0.9519	0.00290986	 0.00293753
2.1	2.4	60	100	0.946019	0.00524645	 0.00540547
-2.4	-2.1	100	200	0.949594	0.0198882	 0.0217379
-2.1	-1.6	100	200	0.923558	0.0116725	 0.0124026
-1.6	-1.2	100	200	0.955571	0.00648296	 0.00715914
-1.2	-0.8	100	200	0.944661	0.00805344	 0.008585
-0.8	-0.3	100	200	0.953744	0.00674263	 0.00599252
-0.3	-0.2	100	200	0.807477	0.023665	 0.0274572
-0.2	0.2	100	200	0.951087	0.00703006	 0.00703006
0.2	0.3	100	200	0.826236	0.0231448	 0.0243729
0.3	0.8	100	200	0.956097	0.00536516	 0.00581275
0.8	1.2	100	200	0.945722	0.00767543	 0.0083324
1.2	1.6	100	200	0.941708	0.00844221	 0.00893527
1.6	2.1	100	200	0.913186	0.0146161	 0.0118656
2.1	2.4	100	200	0.893997	0.0203132	 0.0222349
