etamin	etamax	ptmin	ptmax	eff	deff_high	deff_low
-2.4	-2.1	10	12	0.626784	0.0511039	 0.046814
-2.1	-1.6	10	12	0.7021	0.0413444	 0.038515
-1.6	-1.2	10	12	0.758283	0.0566527	 0.0519205
-1.2	-0.8	10	12	0.646985	0.0486987	 0.0447604
-0.8	-0.3	10	12	0.64037	0.0754205	 0.0648259
-0.3	0.3	10	12	0.793632	0.206368	 0.140157
0.3	0.8	10	12	0.650535	0.0764833	 0.0653205
0.8	1.2	10	12	0.618437	0.00217319	 0.00217319
1.2	1.6	10	12	0.671399	0.0475183	 0.0436974
1.6	2.1	10	12	0.711246	0.0403279	 0.0377233
2.1	2.4	10	12	0.593954	0.047346	 0.04401
-2.4	-2.1	12	14	0.719248	0.0415623	 0.0392804
-2.1	-1.6	12	14	0.767775	0.0286423	 0.0277792
-1.6	-1.2	12	14	0.819913	0.0345295	 0.0332902
-1.2	-0.8	12	14	0.681049	0.0311366	 0.0299473
-0.8	-0.3	12	14	0.549613	0.00130115	 0.00130115
-0.3	0.3	12	14	0.728061	0.0647731	 0.0571581
0.3	0.8	12	14	0.658268	0.0471569	 0.0433139
0.8	1.2	12	14	0.727083	0.0347058	 0.0331132
1.2	1.6	12	14	0.759315	0.0327908	 0.0316015
1.6	2.1	12	14	0.741733	0.0270585	 0.0262813
2.1	2.4	12	14	0.730173	0.0371914	 0.035206
-2.4	-2.1	14	16	0.710747	0.0276143	 0.0276918
-2.1	-1.6	14	16	0.791147	0.0212949	 0.0211277
-1.6	-1.2	14	16	0.793163	0.0245329	 0.0241183
-1.2	-0.8	14	16	0.757033	0.024783	 0.024315
-0.8	-0.3	14	16	0.706889	0.0286876	 0.0277451
-0.3	0.3	14	16	0.619612	0.0316781	 0.0302171
0.3	0.8	14	16	0.734558	0.0300272	 0.0289988
0.8	1.2	14	16	0.719116	0.0242773	 0.0237571
1.2	1.6	14	16	0.761728	0.0237943	 0.0234327
1.6	2.1	14	16	0.805299	0.0218154	 0.0216119
2.1	2.4	14	16	0.715513	0.0277774	 0.0273765
-2.4	-2.1	16	18	0.729781	0.0228577	 0.0226329
-2.1	-1.6	16	18	0.859847	0.0174217	 0.0174305
-1.6	-1.2	16	18	0.802461	0.0173486	 0.0172685
-1.2	-0.8	16	18	0.768773	0.0176079	 0.0174944
-0.8	-0.3	16	18	0.700867	0.0185675	 0.0183133
-0.3	0.3	16	18	0.66884	0.0220412	 0.0215205
0.3	0.8	16	18	0.703051	0.0190611	 0.0187608
0.8	1.2	16	18	0.781621	0.0185518	 0.0184731
1.2	1.6	16	18	0.847425	0.0182861	 0.0182484
1.6	2.1	16	18	0.801297	0.0154518	 0.015439
2.1	2.4	16	18	0.756586	0.0205885	 0.0205578
-2.4	-2.1	18	20	0.788643	0.0176132	 0.0176739
-2.1	-1.6	18	20	0.825058	0.0131209	 0.01286
-1.6	-1.2	18	20	0.854194	0.0132983	 0.013683
-1.2	-0.8	18	20	0.798419	0.00107384	 0.00107384
-0.8	-0.3	18	20	0.782193	0.0145984	 0.0145642
-0.3	0.3	18	20	0.711558	0.0162689	 0.0161018
0.3	0.8	18	20	0.778299	0.0138211	 0.0138275
0.8	1.2	18	20	0.771795	0.0141745	 0.0142007
1.2	1.6	18	20	0.839603	0.0137372	 0.0137935
1.6	2.1	18	20	0.833861	0.0121244	 0.0121775
2.1	2.4	18	20	0.766844	0.0185559	 0.0192848
-2.4	-2.1	20	22	0.825887	0.014626	 0.0211193
-2.1	-1.6	20	22	0.877446	0.00993529	 0.0100439
-1.6	-1.2	20	22	0.846839	0.0109312	 0.0110313
-1.2	-0.8	20	22	0.841294	0.0109346	 0.0110659
-0.8	-0.3	20	22	0.805234	0.0102989	 0.0103103
-0.3	0.3	20	22	0.780035	0.0116156	 0.0115981
0.3	0.8	20	22	0.80075	0.0110476	 0.0110884
0.8	1.2	20	22	0.844605	0.0115695	 0.0116614
1.2	1.6	20	22	0.856635	0.0125646	 0.0107974
1.6	2.1	20	22	0.841483	0.00983061	 0.00994469
2.1	2.4	20	22	0.807477	0.0139516	 0.0140601
-2.4	-2.1	22	24	0.835947	0.0117898	 0.0119255
-2.1	-1.6	22	24	0.873783	0.00804896	 0.00819691
-1.6	-1.2	22	24	0.889372	0.00874421	 0.00886121
-1.2	-0.8	22	24	0.862499	0.00869574	 0.00880934
-0.8	-0.3	22	24	0.835331	0.00857072	 0.00866954
-0.3	0.3	22	24	0.809229	0.00819311	 0.0082229
0.3	0.8	22	24	0.845825	0.00820352	 0.00827445
0.8	1.2	22	24	0.857275	0.0088594	 0.00896709
1.2	1.6	22	24	0.884176	0.0088471	 0.00897135
1.6	2.1	22	24	0.885313	0.00790987	 0.00803464
2.1	2.4	22	24	0.828625	0.011846	 0.0120183
-2.4	-2.1	24	26	0.853918	0.0105695	 0.0107679
-2.1	-1.6	24	26	0.885645	0.00689143	 0.00699469
-1.6	-1.2	24	26	0.909142	0.00703343	 0.00718785
-1.2	-0.8	24	26	0.892147	0.00727263	 0.007398
-0.8	-0.3	24	26	0.853794	0.0067163	 0.0067826
-0.3	0.3	24	26	0.842573	0.00628315	 0.00632814
0.3	0.8	24	26	0.868025	0.00658143	 0.00666467
0.8	1.2	24	26	0.876987	0.00757513	 0.00768269
1.2	1.6	24	26	0.8939	0.00723619	 0.0073691
1.6	2.1	24	26	0.895945	0.0066707	 0.00680145
2.1	2.4	24	26	0.843579	0.0102603	 0.0104021
-2.4	-2.1	26	30	0.876984	0.00623406	 0.00630964
-2.1	-1.6	26	30	0.920229	0.00378968	 0.00384143
-1.6	-1.2	26	30	0.924062	0.00404354	 0.00409984
-1.2	-0.8	26	30	0.893534	0.00426723	 0.00431047
-0.8	-0.3	26	30	0.881438	0.00364956	 0.00368079
-0.3	0.3	26	30	0.868091	0.00314166	 0.00316625
0.3	0.8	26	30	0.889795	0.00359029	 0.00362561
0.8	1.2	26	30	0.89539	0.00424388	 0.00428894
1.2	1.6	26	30	0.922084	0.0041009	 0.00416732
1.6	2.1	26	30	0.917397	0.00379747	 0.00384988
2.1	2.4	26	30	0.870336	0.00616378	 0.00626097
-2.4	-2.1	30	35	0.902932	0.00440143	 0.0044528
-2.1	-1.6	30	35	0.939126	0.00254247	 0.00257612
-1.6	-1.2	30	35	0.944519	0.00266185	 0.00270133
-1.2	-0.8	30	35	0.925906	0.00267025	 0.00270476
-0.8	-0.3	30	35	0.918285	0.00214196	 0.00216677
-0.3	0.3	30	35	0.905224	0.0019522	 0.00196201
0.3	0.8	30	35	0.918325	0.00216144	 0.00218305
0.8	1.2	30	35	0.9258	0.00266355	 0.00268505
1.2	1.6	30	35	0.941402	0.00269591	 0.00272886
1.6	2.1	30	35	0.938432	0.00247926	 0.00251091
2.1	2.4	30	35	0.892593	0.00432646	 0.00437147
-2.4	-2.1	35	40	0.915363	0.00345937	 0.00350866
-2.1	-1.6	35	40	0.956623	0.00182254	 0.00185009
-1.6	-1.2	35	40	0.959873	0.00179237	 0.00182776
-1.2	-0.8	35	40	0.944738	0.00176347	 0.00178384
-0.8	-0.3	35	40	0.94296	0.00150057	 0.00151224
-0.3	0.3	35	40	0.926415	0.00148533	 0.00149636
0.3	0.8	35	40	0.943697	0.00146756	 0.00148918
0.8	1.2	35	40	0.945693	0.00180636	 0.00181167
1.2	1.6	35	40	0.960788	0.00176532	 0.00179857
1.6	2.1	35	40	0.959814	0.00173359	 0.00176363
2.1	2.4	35	40	0.909034	0.00341823	 0.00346528
-2.4	-2.1	40	60	0.935168	0.00192372	 0.00194728
-2.1	-1.6	40	60	0.972728	0.000854706	 0.000864708
-1.6	-1.2	40	60	0.979032	0.000743577	 0.000755307
-1.2	-0.8	40	60	0.971767	0.000778011	 0.000787399
-0.8	-0.3	40	60	0.96594	0.000733259	 0.000741459
-0.3	0.3	40	60	0.952294	0.000766726	 0.000772285
0.3	0.8	40	60	0.968424	0.000713724	 0.000718045
0.8	1.2	40	60	0.96819	0.000803304	 0.000814718
1.2	1.6	40	60	0.978344	0.000744728	 0.000755432
1.6	2.1	40	60	0.975655	0.000794055	 0.00080194
2.1	2.4	40	60	0.938733	0.00184374	 0.001859
-2.4	-2.1	60	100	0.940227	0.00731075	 0.00743026
-2.1	-1.6	60	100	0.979226	0.00328213	 0.00337669
-1.6	-1.2	60	100	0.986672	0.00262208	 0.00271604
-1.2	-0.8	60	100	0.975382	0.00256738	 0.00265173
-0.8	-0.3	60	100	0.981391	0.00216456	 0.00221417
-0.3	0.3	60	100	0.970308	0.00226593	 0.00231517
0.3	0.8	60	100	0.979009	0.00224209	 0.00229543
0.8	1.2	60	100	0.974574	0.00257239	 0.00266115
1.2	1.6	60	100	0.989283	0.002475	 0.0025835
1.6	2.1	60	100	0.983286	0.00287259	 0.00297549
2.1	2.4	60	100	0.953555	0.00665328	 0.00679875
-2.4	-2.1	100	200	0.969605	0.0303946	 0.0456895
-2.1	-1.6	100	200	0.989647	0.0103527	 0.0147399
-1.6	-1.2	100	200	0.973115	0.0121619	 0.0127334
-1.2	-0.8	100	200	0.975677	0.00856672	 0.00914916
-0.8	-0.3	100	200	0.987107	0.0070539	 0.00761957
-0.3	0.3	100	200	0.982479	0.00728964	 0.00771951
0.3	0.8	100	200	0.981033	0.00647612	 0.00695554
0.8	1.2	100	200	0.965634	0.00950398	 0.0100967
1.2	1.6	100	200	0.98561	0.0108281	 0.011596
1.6	2.1	100	200	0.987623	0.0112929	 0.0118445
2.1	2.4	100	200	0.930516	0.0354067	 0.0348806
