etamin	etamax	ptmin	ptmax	eff	deff_high	deff_low
-2.4	-2.1	10	15	0	0	 0
-2.1	-1.6	10	15	0	0	 0
-1.6	-1.2	10	15	0	0	 0
-1.2	-0.8	10	15	0	0	 0
-0.8	-0.3	10	15	0	0	 0
-0.3	-0.2	10	15	0	0	 0
-0.2	0.2	10	15	0	0	 0
0.2	0.3	10	15	0	0	 0
0.3	0.8	10	15	0	0	 0
0.8	1.2	10	15	0	0	 0
1.2	1.6	10	15	0	0	 0
1.6	2.1	10	15	0	0	 0
2.1	2.4	10	15	0	0	 0
-2.4	-2.1	15	16	0	0	 0
-2.1	-1.6	15	16	0	0	 0
-1.6	-1.2	15	16	0	0	 0
-1.2	-0.8	15	16	0	0	 0
-0.8	-0.3	15	16	0	0	 0
-0.3	-0.2	15	16	0	0	 0
-0.2	0.2	15	16	0	0	 0
0.2	0.3	15	16	0	0	 0
0.3	0.8	15	16	0	0	 0
0.8	1.2	15	16	0	0	 0
1.2	1.6	15	16	0	0	 0
1.6	2.1	15	16	0	0	 0
2.1	2.4	15	16	0	0	 0
-2.4	-2.1	16	17	0.0187992	0.0240291	 0.00717566
-2.1	-1.6	16	17	0	0	 0
-1.6	-1.2	16	17	0	0	 0
-1.2	-0.8	16	17	0	0	 0
-0.8	-0.3	16	17	0	0	 0
-0.3	-0.2	16	17	0	0	 0
-0.2	0.2	16	17	0	0	 0
0.2	0.3	16	17	0	0	 0
0.3	0.8	16	17	0	0	 0
0.8	1.2	16	17	0	0	 0
1.2	1.6	16	17	0	0	 0
1.6	2.1	16	17	0	0	 0
2.1	2.4	16	17	0	0	 0
-2.4	-2.1	17	18	0.105714	0.0194001	 0.0174493
-2.1	-1.6	17	18	0.0618089	0.0109627	 0.0100763
-1.6	-1.2	17	18	0.0535306	0.0110551	 0.00978169
-1.2	-0.8	17	18	0.0244517	0.0141134	 0.0117008
-0.8	-0.3	17	18	0.0230114	0.00903852	 0.00767488
-0.3	-0.2	17	18	0.0221504	0.0297737	 0.0154485
-0.2	0.2	17	18	0.0156428	0.0113324	 0.00975466
0.2	0.3	17	18	0.0597042	0.0333541	 0.0246559
0.3	0.8	17	18	0	0	 0
0.8	1.2	17	18	0.0295119	0.00929787	 0.00786449
1.2	1.6	17	18	0.0428793	0.0107203	 0.0090635
1.6	2.1	17	18	0.0617198	0.0120223	 0.0110487
2.1	2.4	17	18	0.0817988	0.0177324	 0.0158336
-2.4	-2.1	18	19	0.49835	0.0311049	 0.0307265
-2.1	-1.6	18	19	0.673822	0.0213309	 0.021746
-1.6	-1.2	18	19	0.782009	0.0182399	 0.0176457
-1.2	-0.8	18	19	0.750566	0.0189864	 0.0197456
-0.8	-0.3	18	19	0.79489	0.0170593	 0.0178104
-0.3	-0.2	18	19	0.638866	0.0521355	 0.0548948
-0.2	0.2	18	19	0.741581	0.0287101	 0.0429346
0.2	0.3	18	19	0.604138	0.0623465	 0.0505069
0.3	0.8	18	19	0.774795	0.0187479	 0.0195773
0.8	1.2	18	19	0.75608	0.0222766	 0.022807
1.2	1.6	18	19	0.775481	0.0209279	 0.0192536
1.6	2.1	18	19	0.67203	0.0204106	 0.0207456
2.1	2.4	18	19	0.467637	0.0308589	 0.0308283
-2.4	-2.1	19	20	0.597106	0.0262858	 0.0270098
-2.1	-1.6	19	20	0.796091	0.0168371	 0.017456
-1.6	-1.2	19	20	0.859574	0.0148389	 0.0156665
-1.2	-0.8	19	20	0.82475	0.0149106	 0.0154175
-0.8	-0.3	19	20	0.883047	0.0123361	 0.0131656
-0.3	-0.2	19	20	0.701065	0.0449626	 0.0477863
-0.2	0.2	19	20	0.788621	0.0210088	 0.0222353
0.2	0.3	19	20	0.748758	0.0445739	 0.04743
0.3	0.8	19	20	0.836579	0.0137642	 0.0144396
0.8	1.2	19	20	0.850634	0.0276122	 0.0166538
1.2	1.6	19	20	0.891835	0.0140741	 0.0149282
1.6	2.1	19	20	0.79915	0.0148563	 0.0155363
2.1	2.4	19	20	0.659366	0.0257442	 0.0257556
-2.4	-2.1	20	21	0.653929	0.0231748	 0.0237999
-2.1	-1.6	20	21	0.797767	0.0139361	 0.0145537
-1.6	-1.2	20	21	0.889585	0.0128852	 0.0132216
-1.2	-0.8	20	21	0.839137	0.0139697	 0.0144843
-0.8	-0.3	20	21	0.87877	0.0122812	 0.0125094
-0.3	-0.2	20	21	0.695383	0.00155471	 0.00155471
-0.2	0.2	20	21	0.82312	0.0191942	 0.0200399
0.2	0.3	20	21	0.778508	0.0409384	 0.042676
0.3	0.8	20	21	0.900236	0.0116112	 0.0121002
0.8	1.2	20	21	0.840692	0.0160408	 0.0162762
1.2	1.6	20	21	0.903902	0.0127052	 0.013475
1.6	2.1	20	21	0.818946	0.0130745	 0.0135875
2.1	2.4	20	21	0.722281	0.0219215	 0.0228155
-2.4	-2.1	21	22	0.698572	0.0204779	 0.0215101
-2.1	-1.6	21	22	0.825186	0.0145894	 0.0161274
-1.6	-1.2	21	22	0.894657	0.0111412	 0.0122232
-1.2	-0.8	21	22	0.858629	0.0118814	 0.0124996
-0.8	-0.3	21	22	0.904006	0.010444	 0.0109794
-0.3	-0.2	21	22	0.736896	0.0366672	 0.0394029
-0.2	0.2	21	22	0.879314	0.0147277	 0.014981
0.2	0.3	21	22	0.77435	0.0352991	 0.0332494
0.3	0.8	21	22	0.917879	0.0104439	 0.011012
0.8	1.2	21	22	0.841038	0.0147187	 0.0153725
1.2	1.6	21	22	0.899537	0.0103305	 0.0110118
1.6	2.1	21	22	0.820133	0.0139716	 0.0150396
2.1	2.4	21	22	0.729249	0.0218558	 0.022417
-2.4	-2.1	22	24	0.714448	0.0129012	 0.0148584
-2.1	-1.6	22	24	0.815532	0.0092635	 0.00946451
-1.6	-1.2	22	24	0.91658	0.00715354	 0.00740243
-1.2	-0.8	22	24	0.863953	0.00850086	 0.00869356
-0.8	-0.3	22	24	0.915758	0.00668536	 0.00693633
-0.3	-0.2	22	24	0.776832	0.0225866	 0.0232347
-0.2	0.2	22	24	0.884334	0.00852474	 0.00855332
0.2	0.3	22	24	0.803025	0.0201535	 0.0207173
0.3	0.8	22	24	0.920728	0.0061967	 0.00640047
0.8	1.2	22	24	0.863214	0.00875388	 0.00892274
1.2	1.6	22	24	0.91189	0.0064908	 0.00685064
1.6	2.1	22	24	0.819652	0.00914268	 0.00934649
2.1	2.4	22	24	0.72028	0.0152026	 0.0158133
-2.4	-2.1	24	26	0.733943	0.0126372	 0.0130318
-2.1	-1.6	24	26	0.822898	0.0077238	 0.0078682
-1.6	-1.2	24	26	0.939094	0.00572438	 0.00602363
-1.2	-0.8	24	26	0.865697	0.00776746	 0.00778649
-0.8	-0.3	24	26	0.929208	0.00509224	 0.00526526
-0.3	-0.2	24	26	0.782356	0.0167339	 0.0172594
-0.2	0.2	24	26	0.900091	0.0067594	 0.00693443
0.2	0.3	24	26	0.754593	0.0194347	 0.0197249
0.3	0.8	24	26	0.928855	0.00503046	 0.00520711
0.8	1.2	24	26	0.878385	0.00754306	 0.00770738
1.2	1.6	24	26	0.922754	0.00621959	 0.00648683
1.6	2.1	24	26	0.847622	0.00795384	 0.00807759
2.1	2.4	24	26	0.750317	0.0130384	 0.0131415
-2.4	-2.1	26	30	0.764041	0.00806311	 0.00810396
-2.1	-1.6	26	30	0.849465	0.0049068	 0.00492501
-1.6	-1.2	26	30	0.93385	0.00379018	 0.00386655
-1.2	-0.8	26	30	0.874995	0.00470776	 0.00476067
-0.8	-0.3	26	30	0.93161	0.00301669	 0.00306132
-0.3	-0.2	26	30	0.806474	0.00946982	 0.00958624
-0.2	0.2	26	30	0.923808	0.00319735	 0.00324033
0.2	0.3	26	30	0.778667	0.0102884	 0.0104107
0.3	0.8	26	30	0.940403	0.00292136	 0.00293691
0.8	1.2	26	30	0.880605	0.00470547	 0.00475364
1.2	1.6	26	30	0.925877	0.00383579	 0.00382203
1.6	2.1	26	30	0.846686	0.00474446	 0.00473444
2.1	2.4	26	30	0.773001	0.00828928	 0.00835422
-2.4	-2.1	30	35	0.811546	0.00590801	 0.00595609
-2.1	-1.6	30	35	0.858388	0.00386044	 0.00386823
-1.6	-1.2	30	35	0.941507	0.00276749	 0.00280204
-1.2	-0.8	30	35	0.88073	0.00341224	 0.00346916
-0.8	-0.3	30	35	0.938711	0.00201896	 0.00204487
-0.3	-0.2	30	35	0.800467	0.00720976	 0.00728199
-0.2	0.2	30	35	0.930732	0.00231961	 0.00233437
0.2	0.3	30	35	0.783448	0.00689693	 0.00697696
0.3	0.8	30	35	0.94007	0.00197077	 0.00199613
0.8	1.2	30	35	0.883357	0.00344785	 0.00348062
1.2	1.6	30	35	0.935882	0.00277716	 0.00281132
1.6	2.1	30	35	0.861507	0.00378846	 0.00379978
2.1	2.4	30	35	0.801454	0.00622736	 0.00626913
-2.4	-2.1	35	40	0.82038	0.00494124	 0.00496715
-2.1	-1.6	35	40	0.85897	0.00313026	 0.00314125
-1.6	-1.2	35	40	0.946104	0.00207184	 0.00209465
-1.2	-0.8	35	40	0.887446	0.0025787	 0.00258581
-0.8	-0.3	35	40	0.944705	0.00162957	 0.00164206
-0.3	-0.2	35	40	0.804309	0.00586545	 0.00588234
-0.2	0.2	35	40	0.939195	0.00185255	 0.00188288
0.2	0.3	35	40	0.80085	0.0059219	 0.00596669
0.3	0.8	35	40	0.949352	0.00151746	 0.00153054
0.8	1.2	35	40	0.884157	0.00261973	 0.00263674
1.2	1.6	35	40	0.939288	0.00224936	 0.0022734
1.6	2.1	35	40	0.860987	0.00308665	 0.00315258
2.1	2.4	35	40	0.821856	0.00500252	 0.00502462
-2.4	-2.1	40	60	0.840719	0.00312392	 0.00315391
-2.1	-1.6	40	60	0.868349	0.0018105	 0.00180352
-1.6	-1.2	40	60	0.951801	0.00115494	 0.00116674
-1.2	-0.8	40	60	0.887713	0.00159667	 0.00160168
-0.8	-0.3	40	60	0.949492	0.000970003	 0.000982643
-0.3	-0.2	40	60	0.813143	0.0035354	 0.003559
-0.2	0.2	40	60	0.942353	0.00114649	 0.00115898
0.2	0.3	40	60	0.806633	0.00369638	 0.00360754
0.3	0.8	40	60	0.952454	0.000937404	 0.000943912
0.8	1.2	40	60	0.888839	0.00159326	 0.00159841
1.2	1.6	40	60	0.948948	0.00118479	 0.00119761
1.6	2.1	40	60	0.872156	0.0017888	 0.00180577
2.1	2.4	40	60	0.844481	0.00306436	 0.00308858
-2.4	-2.1	60	100	0.844051	0.00982526	 0.0100759
-2.1	-1.6	60	100	0.872353	0.00578375	 0.00591958
-1.6	-1.2	60	100	0.953252	0.0031362	 0.00326866
-1.2	-0.8	60	100	0.883874	0.00505749	 0.00530338
-0.8	-0.3	60	100	0.958031	0.00266982	 0.00276705
-0.3	-0.2	60	100	0.794568	0.0215569	 0.0118248
-0.2	0.2	60	100	0.944973	0.00338809	 0.00351391
0.2	0.3	60	100	0.797738	0.0111317	 0.0117238
0.3	0.8	60	100	0.957374	0.00236132	 0.00246007
0.8	1.2	60	100	0.882233	0.00459767	 0.0047002
1.2	1.6	60	100	0.942124	0.00350493	 0.00364561
1.6	2.1	60	100	0.876056	0.00774311	 0.005144
2.1	2.4	60	100	0.846505	0.00925933	 0.00944365
-2.4	-2.1	100	200	0.823931	0.031399	 0.0336382
-2.1	-1.6	100	200	0.853205	0.0157319	 0.0171203
-1.6	-1.2	100	200	0.946233	0.00877059	 0.00978449
-1.2	-0.8	100	200	0.897294	0.0125028	 0.0132802
-0.8	-0.3	100	200	0.956771	0.00781219	 0.00849753
-0.3	-0.2	100	200	0.762402	0.0315882	 0.033825
-0.2	0.2	100	200	0.93936	0.00874378	 0.00963943
0.2	0.3	100	200	0.764997	0.0303188	 0.0324367
0.3	0.8	100	200	0.956814	0.00750977	 0.00829064
0.8	1.2	100	200	0.876843	0.01318	 0.0139279
1.2	1.6	100	200	0.95585	0.00816374	 0.00928066
1.6	2.1	100	200	0.896839	0.0160187	 0.0168743
2.1	2.4	100	200	0.823699	0.0291707	 0.0333083
