etamin	etamax	ptmin	ptmax	eff	deff_high	deff_low
-2.4	-2.1	10	15	0	0	 0
-2.1	-1.6	10	15	0	0	 0
-1.6	-1.2	10	15	0	0	 0
-1.2	-0.8	10	15	0	0	 0
-0.8	-0.3	10	15	0	0	 0
-0.3	-0.2	10	15	0	0	 0
-0.2	0.2	10	15	0	0	 0
0.2	0.3	10	15	0	0	 0
0.3	0.8	10	15	0	0	 0
0.8	1.2	10	15	0	0	 0
1.2	1.6	10	15	0	0	 0
1.6	2.1	10	15	0	0	 0
2.1	2.4	10	15	0	0	 0
-2.4	-2.1	15	16	0	0	 0
-2.1	-1.6	15	16	0	0	 0
-1.6	-1.2	15	16	0	0	 0
-1.2	-0.8	15	16	0	0	 0
-0.8	-0.3	15	16	0	0	 0
-0.3	-0.2	15	16	0	0	 0
-0.2	0.2	15	16	0	0	 0
0.2	0.3	15	16	0	0	 0
0.3	0.8	15	16	0	0	 0
0.8	1.2	15	16	0	0	 0
1.2	1.6	15	16	0	0	 0
1.6	2.1	15	16	0	0	 0
2.1	2.4	15	16	0	0	 0
-2.4	-2.1	16	17	0	0	 0
-2.1	-1.6	16	17	0	0	 0
-1.6	-1.2	16	17	0	0	 0
-1.2	-0.8	16	17	0	0	 0
-0.8	-0.3	16	17	0	0	 0
-0.3	-0.2	16	17	0	0	 0
-0.2	0.2	16	17	0	0	 0
0.2	0.3	16	17	0	0	 0
0.3	0.8	16	17	0	0	 0
0.8	1.2	16	17	0	0	 0
1.2	1.6	16	17	0	0	 0
1.6	2.1	16	17	0	0	 0
2.1	2.4	16	17	0	0	 0
-2.4	-2.1	17	18	0	0	 0
-2.1	-1.6	17	18	0	0	 0
-1.6	-1.2	17	18	0	0	 0
-1.2	-0.8	17	18	0	0	 0
-0.8	-0.3	17	18	0	0	 0
-0.3	-0.2	17	18	0	0	 0
-0.2	0.2	17	18	0	0	 0
0.2	0.3	17	18	0	0	 0
0.3	0.8	17	18	0	0	 0
0.8	1.2	17	18	0	0	 0
1.2	1.6	17	18	0	0	 0
1.6	2.1	17	18	0	0	 0
2.1	2.4	17	18	0	0	 0
-2.4	-2.1	18	19	0	0	 0
-2.1	-1.6	18	19	0	0	 0
-1.6	-1.2	18	19	0	0	 0
-1.2	-0.8	18	19	0	0	 0
-0.8	-0.3	18	19	0	0	 0
-0.3	-0.2	18	19	0	0	 0
-0.2	0.2	18	19	0	0	 0
0.2	0.3	18	19	0	0	 0
0.3	0.8	18	19	0	0	 0
0.8	1.2	18	19	0	0	 0
1.2	1.6	18	19	0	0	 0
1.6	2.1	18	19	0	0	 0
2.1	2.4	18	19	0	0	 0
-2.4	-2.1	19	20	0	0	 0
-2.1	-1.6	19	20	0	0	 0
-1.6	-1.2	19	20	0	0	 0
-1.2	-0.8	19	20	0	0	 0
-0.8	-0.3	19	20	0	0	 0
-0.3	-0.2	19	20	0	0	 0
-0.2	0.2	19	20	0	0	 0
0.2	0.3	19	20	0	0	 0
0.3	0.8	19	20	0	0	 0
0.8	1.2	19	20	0	0	 0
1.2	1.6	19	20	0	0	 0
1.6	2.1	19	20	0	0	 0
2.1	2.4	19	20	0.0112423	0.00485582	 0.00374817
-2.4	-2.1	20	21	0	0	 0
-2.1	-1.6	20	21	0	0	 0
-1.6	-1.2	20	21	0	0	 0
-1.2	-0.8	20	21	0	0	 0
-0.8	-0.3	20	21	0	0	 0
-0.3	-0.2	20	21	0	0	 0
-0.2	0.2	20	21	0	0	 0
0.2	0.3	20	21	0	0	 0
0.3	0.8	20	21	0	0	 0
0.8	1.2	20	21	0	0	 0
1.2	1.6	20	21	0	0	 0
1.6	2.1	20	21	0	0	 0
2.1	2.4	20	21	0	0	 0
-2.4	-2.1	21	22	0.0224226	0.0058335	 0.00499196
-2.1	-1.6	21	22	0	0	 0
-1.6	-1.2	21	22	0	0	 0
-1.2	-0.8	21	22	0	0	 0
-0.8	-0.3	21	22	0	0	 0
-0.3	-0.2	21	22	0	0	 0
-0.2	0.2	21	22	0	0	 0
0.2	0.3	21	22	0	0	 0
0.3	0.8	21	22	0	0	 0
0.8	1.2	21	22	0	0	 0
1.2	1.6	21	22	0	0	 0
1.6	2.1	21	22	0	0	 0
2.1	2.4	21	22	0.0179782	0.00641962	 0.00559626
-2.4	-2.1	22	24	0.0919463	0.0070617	 0.00674867
-2.1	-1.6	22	24	0.0576309	0.00423417	 0.00415855
-1.6	-1.2	22	24	0.0499539	0.00485797	 0.00466529
-1.2	-0.8	22	24	0.0337261	0.00375986	 0.00359558
-0.8	-0.3	22	24	0.0356803	0.00310402	 0.00292892
-0.3	-0.2	22	24	0.0296283	0.00671659	 0.0057887
-0.2	0.2	22	24	0.0379879	0.00414147	 0.00402639
0.2	0.3	22	24	0.0335548	0.00747826	 0.00693418
0.3	0.8	22	24	0.0385093	0.00338245	 0.00327857
0.8	1.2	22	24	0.0317096	0.0035837	 0.00335512
1.2	1.6	22	24	0.0364038	0.0040388	 0.0038654
1.6	2.1	22	24	0.0686749	0.00547423	 0.00522551
2.1	2.4	22	24	0.0780586	0.00711774	 0.00694067
-2.4	-2.1	24	26	0.689722	0.0109939	 0.0110246
-2.1	-1.6	24	26	0.747246	0.00723449	 0.00720199
-1.6	-1.2	24	26	0.803717	0.00723173	 0.00930206
-1.2	-0.8	24	26	0.810398	0.00700067	 0.00703875
-0.8	-0.3	24	26	0.895522	0.00495383	 0.00502536
-0.3	-0.2	24	26	0.690992	0.0155777	 0.0157251
-0.2	0.2	24	26	0.858911	0.00597905	 0.00603115
0.2	0.3	24	26	0.716955	0.0151248	 0.0154911
0.3	0.8	24	26	0.897669	0.00510542	 0.00525595
0.8	1.2	24	26	0.795303	0.00727205	 0.00741326
1.2	1.6	24	26	0.80912	0.0072105	 0.00727833
1.6	2.1	24	26	0.780253	0.00703049	 0.00709455
2.1	2.4	24	26	0.683966	0.011528	 0.0116857
-2.4	-2.1	26	30	0.765606	0.00665664	 0.00667817
-2.1	-1.6	26	30	0.811518	0.00422902	 0.00421843
-1.6	-1.2	26	30	0.864652	0.00442654	 0.00415849
-1.2	-0.8	26	30	0.873742	0.00382381	 0.00381783
-0.8	-0.3	26	30	0.930679	0.00241924	 0.00244589
-0.3	-0.2	26	30	0.739886	0.00863501	 0.00867597
-0.2	0.2	26	30	0.908144	0.00282187	 0.00288888
0.2	0.3	26	30	0.756945	0.00819758	 0.00828316
0.3	0.8	26	30	0.928442	0.00243253	 0.00243845
0.8	1.2	26	30	0.870627	0.00386558	 0.00388303
1.2	1.6	26	30	0.862848	0.00419951	 0.00416772
1.6	2.1	26	30	0.828596	0.00424476	 0.00416431
2.1	2.4	26	30	0.758267	0.0065689	 0.0065515
-2.4	-2.1	30	35	0.815973	0.00487141	 0.00494322
-2.1	-1.6	30	35	0.835579	0.00309794	 0.00308614
-1.6	-1.2	30	35	0.895053	0.00281855	 0.00279819
-1.2	-0.8	30	35	0.895361	0.00255237	 0.00257824
-0.8	-0.3	30	35	0.944059	0.00158979	 0.00159207
-0.3	-0.2	30	35	0.747837	0.00608996	 0.00615695
-0.2	0.2	30	35	0.927351	0.0019027	 0.00191605
0.2	0.3	30	35	0.784008	0.0056962	 0.00569596
0.3	0.8	30	35	0.942973	0.00156041	 0.00156367
0.8	1.2	30	35	0.895133	0.00245849	 0.00249097
1.2	1.6	30	35	0.885936	0.0028324	 0.00286712
1.6	2.1	30	35	0.847054	0.00313867	 0.00314682
2.1	2.4	30	35	0.785397	0.00485939	 0.00486874
-2.4	-2.1	35	40	0.831648	0.00380842	 0.00381909
-2.1	-1.6	35	40	0.849381	0.00258431	 0.00255681
-1.6	-1.2	35	40	0.912146	0.00202446	 0.00200821
-1.2	-0.8	35	40	0.901661	0.00185502	 0.0018664
-0.8	-0.3	35	40	0.948595	0.00120772	 0.00120613
-0.3	-0.2	35	40	0.772899	0.00494737	 0.00496037
-0.2	0.2	35	40	0.935175	0.00147013	 0.00147441
0.2	0.3	35	40	0.793194	0.00493175	 0.00493503
0.3	0.8	35	40	0.949331	0.00120449	 0.00120932
0.8	1.2	35	40	0.904327	0.00186537	 0.0018637
1.2	1.6	35	40	0.900053	0.00210036	 0.00211267
1.6	2.1	35	40	0.858438	0.00245621	 0.00246351
2.1	2.4	35	40	0.811602	0.00419869	 0.00419972
-2.4	-2.1	40	60	0.853417	0.00246668	 0.00247834
-2.1	-1.6	40	60	0.857615	0.00148682	 0.00148875
-1.6	-1.2	40	60	0.924308	0.0011119	 0.0011108
-1.2	-0.8	40	60	0.910738	0.00112599	 0.00112917
-0.8	-0.3	40	60	0.953344	0.000735873	 0.000741584
-0.3	-0.2	40	60	0.766452	0.00320179	 0.00318039
-0.2	0.2	40	60	0.940606	0.000913227	 0.000918585
0.2	0.3	40	60	0.794233	0.00311524	 0.00313966
0.3	0.8	40	60	0.952288	0.000736042	 0.000741061
0.8	1.2	40	60	0.911498	0.00110971	 0.00111007
1.2	1.6	40	60	0.909891	0.00120088	 0.00120935
1.6	2.1	40	60	0.862688	0.00145307	 0.00144864
2.1	2.4	40	60	0.816459	0.00267722	 0.00268184
-2.4	-2.1	60	100	0.840677	0.00788482	 0.00781008
-2.1	-1.6	60	100	0.857229	0.00465541	 0.00945844
-1.6	-1.2	60	100	0.922719	0.00356445	 0.00369906
-1.2	-0.8	60	100	0.912627	0.00355334	 0.00363794
-0.8	-0.3	60	100	0.955555	0.00208996	 0.00212279
-0.3	-0.2	60	100	0.750711	0.0101975	 0.0102791
-0.2	0.2	60	100	0.9421	0.00277934	 0.00286529
0.2	0.3	60	100	0.775688	0.00887972	 0.00923676
0.3	0.8	60	100	0.95457	0.00217728	 0.0022509
0.8	1.2	60	100	0.912473	0.00347298	 0.00342616
1.2	1.6	60	100	0.914206	0.00364104	 0.00371139
1.6	2.1	60	100	0.859312	0.00469604	 0.00477192
2.1	2.4	60	100	0.824916	0.00850518	 0.0084999
-2.4	-2.1	100	200	0.835663	0.0299448	 0.0313436
-2.1	-1.6	100	200	0.848037	0.015935	 0.0164468
-1.6	-1.2	100	200	0.885941	0.0102413	 0.0108067
-1.2	-0.8	100	200	0.8979	0.0109383	 0.0108242
-0.8	-0.3	100	200	0.94058	0.00671933	 0.00694606
-0.3	-0.2	100	200	0.77044	0.0259038	 0.0297334
-0.2	0.2	100	200	0.942899	0.00674022	 0.00729715
0.2	0.3	100	200	0.81594	0.0237373	 0.0249393
0.3	0.8	100	200	0.947513	0.00600582	 0.00632956
0.8	1.2	100	200	0.892693	0.0108199	 0.0114086
1.2	1.6	100	200	0.879605	0.0120727	 0.0126412
1.6	2.1	100	200	0.812447	0.0156675	 0.0163045
2.1	2.4	100	200	0.761119	0.0296934	 0.0312934
