etamin	etamax	ptmin	ptmax	eff	deff_high	deff_low
-2.4	-2.1	10	12	0.946517	0.0114167	 0.0130776
-2.1	-1.6	10	12	0.94852	0.00955129	 0.010575
-1.6	-1.2	10	12	0.977899	0.00743839	 0.0099735
-1.2	-0.8	10	12	0.956385	0.0119184	 0.0136837
-0.8	-0.3	10	12	0.951211	0.0149025	 0.0177517
-0.3	-0.2	10	12	0.722069	0.0937263	 0.0946185
-0.2	0.2	10	12	0.923708	0.0262935	 0.0280774
0.2	0.3	10	12	0.908089	0.0424425	 0.0596922
0.3	0.8	10	12	0.965944	0.0101037	 0.0126305
0.8	1.2	10	12	0.941587	0.013199	 0.013199
1.2	1.6	10	12	0.988846	0.00524822	 0.00666548
1.6	2.1	10	12	0.953657	0.00758896	 0.00852568
2.1	2.4	10	12	0.929302	0.0150622	 0.0169976
-2.4	-2.1	12	14	0.957734	0.00805257	 0.00922255
-2.1	-1.6	12	14	0.961163	0.00727113	 0.00797968
-1.6	-1.2	12	14	0.984548	0.00459479	 0.00554765
-1.2	-0.8	12	14	0.957861	0.00826912	 0.00929228
-0.8	-0.3	12	14	0.971668	0.00886226	 0.0106747
-0.3	-0.2	12	14	0.840586	0.0516475	 0.0582673
-0.2	0.2	12	14	0.978821	0.00806844	 0.0107967
0.2	0.3	12	14	0.728245	0.0528248	 0.0662298
0.3	0.8	12	14	0.964632	0.00765359	 0.00892614
0.8	1.2	12	14	0.947567	0.00883183	 0.00973188
1.2	1.6	12	14	0.974259	0.00569992	 0.00670904
1.6	2.1	12	14	0.95608	0.00672512	 0.0078175
2.1	2.4	12	14	0.944821	0.0100375	 0.0110444
-2.4	-2.1	14	16	0.936846	0.00891277	 0.00953216
-2.1	-1.6	14	16	0.948953	0.00682386	 0.00723632
-1.6	-1.2	14	16	0.987902	0.0032963	 0.00392302
-1.2	-0.8	14	16	0.937818	0.007944	 0.00856502
-0.8	-0.3	14	16	0.950264	0.00804165	 0.00860636
-0.3	-0.2	14	16	0.807866	0.0382354	 0.0411784
-0.2	0.2	14	16	0.928235	0.0130353	 0.015792
0.2	0.3	14	16	0.857761	0.0371153	 0.0433316
0.3	0.8	14	16	0.966909	0.00643572	 0.00738118
0.8	1.2	14	16	0.955698	0.0067346	 0.00747674
1.2	1.6	14	16	0.975893	0.00510225	 0.0057544
1.6	2.1	14	16	0.953666	-0	 -0
2.1	2.4	14	16	0.94994	0.00894004	 0.00972999
-2.4	-2.1	16	18	0.936732	0.00804803	 0.0088353
-2.1	-1.6	16	18	0.952349	0.0051225	 0.00552116
-1.6	-1.2	16	18	0.985718	0.00295273	 0.00341629
-1.2	-0.8	16	18	0.95738	0.00582009	 0.0061858
-0.8	-0.3	16	18	0.965689	0.0050352	 0.00553625
-0.3	-0.2	16	18	0.731647	0.0325471	 0.0347593
-0.2	0.2	16	18	0.933822	0.0100969	 0.0107324
0.2	0.3	16	18	0.742714	0.0372109	 0.0412583
0.3	0.8	16	18	0.948577	0.00600375	 0.00647058
0.8	1.2	16	18	0.94805	0.00604391	 0.00654211
1.2	1.6	16	18	0.979187	0.0037601	 0.00429479
1.6	2.1	16	18	0.948734	0.00506721	 0.00540626
2.1	2.4	16	18	0.927949	0.00965273	 0.0101095
-2.4	-2.1	18	20	0.942848	0.0067333	 0.00686074
-2.1	-1.6	18	20	0.948722	0.00500225	 0.00500264
-1.6	-1.2	18	20	0.985339	0.00264503	 0.00301723
-1.2	-0.8	18	20	0.952703	0.00579091	 0.00616953
-0.8	-0.3	18	20	0.960412	0.00454	 0.00485303
-0.3	-0.2	18	20	0.784721	0.0253228	 0.0270547
-0.2	0.2	18	20	0.944229	0.0086023	 0.00964604
0.2	0.3	18	20	0.798937	0.0213445	 0.0221576
0.3	0.8	18	20	0.968114	0.00414286	 0.00441484
0.8	1.2	18	20	0.944139	0.00541702	 0.00575326
1.2	1.6	18	20	0.981906	0.00352277	 0.00390807
1.6	2.1	18	20	0.954516	0.00485154	 0.00507258
2.1	2.4	18	20	0.940245	0.0070654	 0.00753414
-2.4	-2.1	20	25	0.950611	0.00330164	 0.00344737
-2.1	-1.6	20	25	0.955734	0.0024937	 0.00258352
-1.6	-1.2	20	25	0.984291	0.00141555	 0.00150218
-1.2	-0.8	20	25	0.953561	0.00275018	 0.00274845
-0.8	-0.3	20	25	0.966901	0.00203687	 0.0021052
-0.3	-0.2	20	25	0.759785	0.0110018	 0.0112382
-0.2	0.2	20	25	0.948174	0.0028212	 0.00290923
0.2	0.3	20	25	0.809163	0.0101538	 0.0104534
0.3	0.8	20	25	0.962636	0.00227414	 0.00234062
0.8	1.2	20	25	0.95115	0.00276024	 0.00282804
1.2	1.6	20	25	0.979361	0.00168284	 0.00176945
1.6	2.1	20	25	0.958663	0.00226276	 0.00230048
2.1	2.4	20	25	0.945282	0.00350292	 0.00362783
-2.4	-2.1	25	30	0.95509	0.00303367	 0.00314023
-2.1	-1.6	25	30	0.950617	0.00208482	 0.00208385
-1.6	-1.2	25	30	0.984376	0.00132226	 0.00137837
-1.2	-0.8	25	30	0.951439	0.00229446	 0.00239551
-0.8	-0.3	25	30	0.963487	0.00157172	 0.0015945
-0.3	-0.2	25	30	0.791336	0.00726743	 0.00728444
-0.2	0.2	25	30	0.949872	0.00183967	 0.00185827
0.2	0.3	25	30	0.799755	0.00691493	 0.00699454
0.3	0.8	25	30	0.964848	0.00142522	 0.00146359
0.8	1.2	25	30	0.946882	0.00228798	 0.00233512
1.2	1.6	25	30	0.978015	0.00154132	 0.00164207
1.6	2.1	25	30	0.954581	0.00185906	 0.00190444
2.1	2.4	25	30	0.946471	0.00320148	 0.00327113
-2.4	-2.1	30	35	0.956694	0.00244053	 0.002482
-2.1	-1.6	30	35	0.952013	0.00172142	 0.0017476
-1.6	-1.2	30	35	0.98461	0.00118775	 0.0013116
-1.2	-0.8	30	35	0.948581	0.001653	 0.00169409
-0.8	-0.3	30	35	0.966829	0.00118523	 0.00117758
-0.3	-0.2	30	35	0.777205	0.00580267	 0.00583684
-0.2	0.2	30	35	0.951637	0.00148683	 0.00148851
0.2	0.3	30	35	0.807491	0.00541228	 0.00543971
0.3	0.8	30	35	0.965295	0.00109783	 0.00111749
0.8	1.2	30	35	0.950306	0.00174446	 0.00175353
1.2	1.6	30	35	0.977274	0.001377	 0.00137351
1.6	2.1	30	35	0.95345	0.00163146	 0.00165239
2.1	2.4	30	35	0.948911	0.00268326	 0.0027197
-2.4	-2.1	35	40	0.957533	0.00204246	 0.00207245
-2.1	-1.6	35	40	0.952539	0.00150901	 0.0015265
-1.6	-1.2	35	40	0.985589	0.000806617	 0.000824657
-1.2	-0.8	35	40	0.946442	0.00134668	 0.00135822
-0.8	-0.3	35	40	0.964975	0.000996753	 0.000966566
-0.3	-0.2	35	40	0.789746	0.00475094	 0.00479175
-0.2	0.2	35	40	0.951342	0.00126453	 0.00126748
0.2	0.3	35	40	0.810115	0.00477065	 0.00463249
0.3	0.8	35	40	0.966	0.000944305	 0.000937138
0.8	1.2	35	40	0.947609	0.00139722	 0.00140649
1.2	1.6	35	40	0.976333	0.000982912	 0.00101044
1.6	2.1	35	40	0.953784	0.00149941	 0.00148618
2.1	2.4	35	40	0.951406	0.00229712	 0.002333
-2.4	-2.1	40	60	0.956091	0.00139007	 0.00139603
-2.1	-1.6	40	60	0.951689	0.000907396	 0.000905887
-1.6	-1.2	40	60	0.985151	-0	 -0
-1.2	-0.8	40	60	0.949004	0.000865288	 0.000870347
-0.8	-0.3	40	60	0.964467	-0	 -0
-0.3	-0.2	40	60	0.781949	0.00307231	 0.00305841
-0.2	0.2	40	60	0.950471	0.000801627	 0.000801463
0.2	0.3	40	60	0.805184	0.0030498	 0.00306875
0.3	0.8	40	60	0.963646	0.000612305	 0.000614175
0.8	1.2	40	60	0.946055	0.000877915	 0.000877529
1.2	1.6	40	60	0.975227	0.000590449	 0.000601825
1.6	2.1	40	60	0.954245	0.000885985	 0.000890517
2.1	2.4	40	60	0.946621	0.00138419	 0.00141555
-2.4	-2.1	60	100	0.953008	0.00429578	 0.00423147
-2.1	-1.6	60	100	0.946515	0.00301219	 0.00305215
-1.6	-1.2	60	100	0.982185	0.00178647	 0.00192061
-1.2	-0.8	60	100	0.948032	0.00281503	 0.00292427
-0.8	-0.3	60	100	0.962747	0.00188935	 0.00192603
-0.3	-0.2	60	100	0.762284	0.00998018	 0.0101385
-0.2	0.2	60	100	0.947037	0.00261275	 0.00269243
0.2	0.3	60	100	0.789815	0.00905754	 0.00931968
0.3	0.8	60	100	0.961229	0.00399625	 0.00181662
0.8	1.2	60	100	0.948497	0.00249505	 0.00257017
1.2	1.6	60	100	0.974957	0.00201669	 0.00210691
1.6	2.1	60	100	0.9519	0.00290986	 0.00293753
2.1	2.4	60	100	0.946307	0.00524457	 0.00535004
-2.4	-2.1	100	200	0.949594	0.0198882	 0.0217379
-2.1	-1.6	100	200	0.923558	0.0116725	 0.0124026
-1.6	-1.2	100	200	0.955571	0.00648296	 0.00715914
-1.2	-0.8	100	200	0.945732	0.00799318	 0.00850493
-0.8	-0.3	100	200	0.953744	0.00674263	 0.00599252
-0.3	-0.2	100	200	0.807477	0.023665	 0.0274572
-0.2	0.2	100	200	0.951087	0.00703006	 0.00703006
0.2	0.3	100	200	0.826236	0.0231448	 0.0243729
0.3	0.8	100	200	0.956829	0.00532601	 0.00576467
0.8	1.2	100	200	0.945722	0.00767543	 0.0083324
1.2	1.6	100	200	0.941708	0.00844221	 0.00893527
1.6	2.1	100	200	0.913186	0.0146161	 0.0118656
2.1	2.4	100	200	0.893997	0.0203132	 0.0222349
