etamin	etamax	ptmin	ptmax	eff	deff_high	deff_low
-2.4	-2.1	10	11	0	0	 0
-2.1	-1.6	10	11	0	0	 0
-1.6	-1.2	10	11	0	0	 0
-1.2	-0.8	10	11	0	0	 0
-0.8	-0.3	10	11	0	0	 0
-0.3	-0.2	10	11	0	0	 0
-0.2	0	10	11	0	0	 0
0	0.2	10	11	0	0	 0
0.2	0.3	10	11	0	0	 0
0.3	0.8	10	11	0	0	 0
0.8	1.2	10	11	0	0	 0
1.2	1.6	10	11	0	0	 0
1.6	2.1	10	11	0	0	 0
2.1	2.4	10	11	0	0	 0
-2.4	-2.1	11	12	0	0	 0
-2.1	-1.6	11	12	0	0	 0
-1.6	-1.2	11	12	0	0	 0
-1.2	-0.8	11	12	0	0	 0
-0.8	-0.3	11	12	0	0	 0
-0.3	-0.2	11	12	0	0	 0
-0.2	0	11	12	0	0	 0
0	0.2	11	12	0	0	 0
0.2	0.3	11	12	0	0	 0
0.3	0.8	11	12	0	0	 0
0.8	1.2	11	12	0	0	 0
1.2	1.6	11	12	0	0	 0
1.6	2.1	11	12	0	0	 0
2.1	2.4	11	12	0	0	 0
-2.4	-2.1	12	13	0	0	 0
-2.1	-1.6	12	13	0	0	 0
-1.6	-1.2	12	13	0	0	 0
-1.2	-0.8	12	13	0	0	 0
-0.8	-0.3	12	13	0	0	 0
-0.3	-0.2	12	13	0	0	 0
-0.2	0	12	13	0	0	 0
0	0.2	12	13	0	0	 0
0.2	0.3	12	13	0	0	 0
0.3	0.8	12	13	0	0	 0
0.8	1.2	12	13	0	0	 0
1.2	1.6	12	13	0	0	 0
1.6	2.1	12	13	0	0	 0
2.1	2.4	12	13	0	0	 0
-2.4	-2.1	13	14	0	0	 0
-2.1	-1.6	13	14	0	0	 0
-1.6	-1.2	13	14	0	0	 0
-1.2	-0.8	13	14	0	0	 0
-0.8	-0.3	13	14	0	0	 0
-0.3	-0.2	13	14	0	0	 0
-0.2	0	13	14	0	0	 0
0	0.2	13	14	0	0	 0
0.2	0.3	13	14	0	0	 0
0.3	0.8	13	14	0	0	 0
0.8	1.2	13	14	0	0	 0
1.2	1.6	13	14	0	0	 0
1.6	2.1	13	14	0	0	 0
2.1	2.4	13	14	0.00961867	0.00660996	 0.00453032
-2.4	-2.1	14	15	0	0	 0
-2.1	-1.6	14	15	0	0	 0
-1.6	-1.2	14	15	0	0	 0
-1.2	-0.8	14	15	0	0	 0
-0.8	-0.3	14	15	0	0	 0
-0.3	-0.2	14	15	0	0	 0
-0.2	0	14	15	0	0	 0
0	0.2	14	15	0	0	 0
0.2	0.3	14	15	0	0	 0
0.3	0.8	14	15	0	0	 0
0.8	1.2	14	15	0	0	 0
1.2	1.6	14	15	0	0	 0
1.6	2.1	14	15	0	0	 0
2.1	2.4	14	15	0	0	 0
-2.4	-2.1	15	16	0.0197881	0.0100536	 0.00815966
-2.1	-1.6	15	16	0	0	 0
-1.6	-1.2	15	16	0.00528548	0.00364234	 0.00249336
-1.2	-0.8	15	16	0	0	 0
-0.8	-0.3	15	16	0	0	 0
-0.3	-0.2	15	16	0	0	 0
-0.2	0	15	16	0	0	 0
0	0.2	15	16	0	0	 0
0.2	0.3	15	16	0	0	 0
0.3	0.8	15	16	0	0	 0
0.8	1.2	15	16	0	0	 0
1.2	1.6	15	16	0.006034	0.00466645	 0.00338767
1.6	2.1	15	16	0	0	 0
2.1	2.4	15	16	0.0157705	0.00727572	 0.00557753
-2.4	-2.1	16	17	0.0556369	0.0135146	 0.0120751
-2.1	-1.6	16	17	0.0821507	0.0115471	 0.0110825
-1.6	-1.2	16	17	0.0560404	0.00904143	 0.0118679
-1.2	-0.8	16	17	0.0525271	0.0109777	 0.0101318
-0.8	-0.3	16	17	0.0398639	0.00889735	 0.00778382
-0.3	-0.2	16	17	0.0129984	0.0173303	 0.00958615
-0.2	0	16	17	0.0321365	0.0184679	 0.0144006
0	0.2	16	17	0.00765841	0.0119833	 0.0065954
0.2	0.3	16	17	0.0155769	0.022796	 0.0124775
0.3	0.8	16	17	0.0239276	0.00810249	 0.00722969
0.8	1.2	16	17	0.0365388	0.00816876	 0.00714356
1.2	1.6	16	17	0.0424608	0.00999689	 0.00895423
1.6	2.1	16	17	0.0560388	0.0108926	 0.00919955
2.1	2.4	16	17	0.0936809	0.0145213	 0.013205
-2.4	-2.1	17	18	0.666864	0.0222601	 0.0232438
-2.1	-1.6	17	18	0.811592	0.0139787	 0.0144457
-1.6	-1.2	17	18	0.895056	0.010485	 0.0112768
-1.2	-0.8	17	18	0.903798	0.0102949	 0.0109919
-0.8	-0.3	17	18	0.932619	0.00860408	 0.00938611
-0.3	-0.2	17	18	0.790484	0.0417375	 0.0467955
-0.2	0	17	18	0.917129	0.0189491	 0.022213
0	0.2	17	18	0.923876	0.0188933	 0.0211833
0.2	0.3	17	18	0.811321	0.0416177	 0.045718
0.3	0.8	17	18	0.940468	0.00995949	 0.0104795
0.8	1.2	17	18	0.901917	0.0109634	 0.0115157
1.2	1.6	17	18	0.895431	0.0120074	 0.0122552
1.6	2.1	17	18	0.804315	0.0129723	 0.0134403
2.1	2.4	17	18	0.682029	0.0310039	 0.0217523
-2.4	-2.1	18	19	0.815577	0.0148588	 0.0155539
-2.1	-1.6	18	19	0.914031	0.00868492	 0.00783547
-1.6	-1.2	18	19	0.973761	0.00461217	 0.0047811
-1.2	-0.8	18	19	0.95191	0.00664106	 0.00692418
-0.8	-0.3	18	19	0.975957	0.00559823	 0.00625325
-0.3	-0.2	18	19	0.888781	0.0254135	 0.0295685
-0.2	0	18	19	0.956965	0.0121266	 0.0148982
0	0.2	18	19	0.982041	0.00863245	 0.011303
0.2	0.3	18	19	0.877741	0.0295281	 0.0335563
0.3	0.8	18	19	0.961458	0.00610873	 0.00658434
0.8	1.2	18	19	0.947918	0.00682313	 0.00735084
1.2	1.6	18	19	0.962205	0.00572756	 0.00617245
1.6	2.1	18	19	0.940462	0.00659041	 0.00687625
2.1	2.4	18	19	0.812861	0.0192965	 0.0190505
-2.4	-2.1	19	20	0.795322	0.014395	 0.0149447
-2.1	-1.6	19	20	0.940036	0.00668057	 0.00713237
-1.6	-1.2	19	20	0.969913	0.00425491	 0.00468526
-1.2	-0.8	19	20	0.95782	0.00572475	 0.00598058
-0.8	-0.3	19	20	0.971576	0.00539144	 0.00564924
-0.3	-0.2	19	20	0.859535	0.0283461	 0.0294967
-0.2	0	19	20	0.988342	0.00488389	 0.0067937
0	0.2	19	20	0.963887	0.0137955	 0.0165824
0.2	0.3	19	20	0.881104	0.0231045	 0.0260093
0.3	0.8	19	20	0.979609	0.00402453	 0.00452505
0.8	1.2	19	20	0.951233	0.00609664	 0.00926503
1.2	1.6	19	20	0.962167	0.00487677	 0.00531835
1.6	2.1	19	20	0.93623	0.00633246	 0.00669288
2.1	2.4	19	20	0.856451	0.0125108	 0.0133858
-2.4	-2.1	20	21	0.849945	0.0129524	 0.0130948
-2.1	-1.6	20	21	0.928972	0.00618132	 0.0064204
-1.6	-1.2	20	21	0.971141	0.00423868	 0.00468641
-1.2	-0.8	20	21	0.958958	0.00528089	 0.00567112
-0.8	-0.3	20	21	0.985667	0.00335224	 0.00335224
-0.3	-0.2	20	21	0.880129	0.0226336	 0.0246304
-0.2	0	20	21	0.97534	0.00757686	 0.00914842
0	0.2	20	21	0.975215	0.00750177	 0.00939617
0.2	0.3	20	21	0.879741	0.0232429	 0.0263044
0.3	0.8	20	21	0.973014	0.00436496	 0.0045706
0.8	1.2	20	21	0.957396	0.00992132	 0.0058429
1.2	1.6	20	21	0.971458	0.00423327	 0.00466997
1.6	2.1	20	21	0.94365	0.00551243	 0.00588202
2.1	2.4	20	21	0.845909	0.00742854	 0.0126198
-2.4	-2.1	21	22	0.846591	0.011259	 0.0118267
-2.1	-1.6	21	22	0.937556	0.00550193	 0.00581017
-1.6	-1.2	21	22	0.984845	0.00327694	 0.00361566
-1.2	-0.8	21	22	0.958867	0.00484542	 0.00524879
-0.8	-0.3	21	22	0.976679	0.0035806	 0.00392569
-0.3	-0.2	21	22	0.916677	0.0164553	 0.0184155
-0.2	0	21	22	0.971289	0.00770619	 0.00870487
0	0.2	21	22	0.980488	0.00685161	 0.00806799
0.2	0.3	21	22	0.884811	0.0186161	 0.0206513
0.3	0.8	21	22	0.976383	0.0041369	 0.00465827
0.8	1.2	21	22	0.95792	0.00514132	 0.00558827
1.2	1.6	21	22	0.978387	0.00372798	 0.00407454
1.6	2.1	21	22	0.943911	0.00598557	 0.00629514
2.1	2.4	21	22	0.837588	0.011849	 0.0125276
-2.4	-2.1	22	23	0.830888	0.0128539	 0.0130941
-2.1	-1.6	22	23	0.926779	0.00580809	 0.00606318
-1.6	-1.2	22	23	0.985332	0.00309631	 0.00351024
-1.2	-0.8	22	23	0.961494	0.00439694	 0.00476065
-0.8	-0.3	22	23	0.978667	0.00306888	 0.00339261
-0.3	-0.2	22	23	0.878386	0.0179602	 0.0195917
-0.2	0	22	23	0.980991	0.00520613	 0.00633303
0	0.2	22	23	0.961342	0.0070042	 0.0079623
0.2	0.3	22	23	0.896653	0.0191928	 0.0184844
0.3	0.8	22	23	0.977876	0.00316087	 0.00349542
0.8	1.2	22	23	0.950324	0.00517542	 0.00559669
1.2	1.6	22	23	0.98297	0.00369497	 0.00411677
1.6	2.1	22	23	0.947499	0.00564991	 0.00597729
2.1	2.4	22	23	0.857642	0.0116992	 0.0122775
-2.4	-2.1	23	24	0.85227	0.0113298	 0.0117183
-2.1	-1.6	23	24	0.920596	0.00569954	 0.00600217
-1.6	-1.2	23	24	0.986407	0.00298497	 0.00331967
-1.2	-0.8	23	24	0.954166	0.00473644	 0.00507494
-0.8	-0.3	23	24	0.981709	0.00339717	 0.00371212
-0.3	-0.2	23	24	0.924217	0.0152447	 0.0164721
-0.2	0	23	24	0.982728	0.0041817	 0.00504276
0	0.2	23	24	0.972817	0.00514031	 0.00586987
0.2	0.3	23	24	0.88999	0.0146913	 0.0160699
0.3	0.8	23	24	0.978903	0.00337719	 0.00364963
0.8	1.2	23	24	0.956019	0.00458774	 0.0049115
1.2	1.6	23	24	0.972196	0.00371723	 0.00409372
1.6	2.1	23	24	0.935985	0.00519303	 0.00544957
2.1	2.4	23	24	0.87176	0.0113942	 0.0118239
-2.4	-2.1	24	25	0.853158	0.0109411	 0.0113576
-2.1	-1.6	24	25	0.932485	0.00531177	 0.00560438
-1.6	-1.2	24	25	0.976561	0.00368267	 0.00402721
-1.2	-0.8	24	25	0.961593	0.00443896	 0.00468768
-0.8	-0.3	24	25	0.982972	0.00289673	 0.00310262
-0.3	-0.2	24	25	0.896534	0.0151156	 0.0161161
-0.2	0	24	25	0.9795	0.00404452	 0.00464994
0	0.2	24	25	0.963984	0.00695732	 0.00756061
0.2	0.3	24	25	0.923016	0.0135951	 0.0137624
0.3	0.8	24	25	0.978296	0.00275081	 0.00300488
0.8	1.2	24	25	0.959123	0.00432562	 0.00461619
1.2	1.6	24	25	0.976199	0.00371974	 0.00399683
1.6	2.1	24	25	0.937918	0.00538874	 0.00552556
2.1	2.4	24	25	0.856158	0.00999239	 0.0102708
-2.4	-2.1	25	26	0.882169	0.0106323	 0.0110183
-2.1	-1.6	25	26	0.930058	0.00522178	 0.00540586
-1.6	-1.2	25	26	0.978094	0.00341436	 0.0036595
-1.2	-0.8	25	26	0.962464	0.00397396	 0.00426672
-0.8	-0.3	25	26	0.980259	0.00246446	 0.00271056
-0.3	-0.2	25	26	0.899634	0.0118513	 0.0127363
-0.2	0	25	26	0.97706	0.00475136	 0.00531009
0	0.2	25	26	0.983453	0.00361959	 0.0041397
0.2	0.3	25	26	0.897086	0.0128855	 0.0139813
0.3	0.8	25	26	0.979882	0.00271358	 0.00289003
0.8	1.2	25	26	0.954079	0.00464734	 0.00492376
1.2	1.6	25	26	0.975515	0.0035927	 0.0037795
1.6	2.1	25	26	0.951164	0.00474513	 0.00489069
2.1	2.4	25	26	0.879089	0.0102337	 0.0105996
-2.4	-2.1	26	30	0.873854	0.00502524	 0.00511707
-2.1	-1.6	26	30	0.926294	0.00285817	 0.00298239
-1.6	-1.2	26	30	0.977405	0.00161235	 0.00165591
-1.2	-0.8	26	30	0.951775	0.00242848	 0.00238438
-0.8	-0.3	26	30	0.964056	0.00169283	 0.00170492
-0.3	-0.2	26	30	0.874633	0.00623561	 0.00629508
-0.2	0	26	30	0.955122	0.00246908	 0.00255875
0	0.2	26	30	0.95087	0.00275407	 0.00279825
0.2	0.3	26	30	0.869316	0.00594886	 0.00613086
0.3	0.8	26	30	0.959813	0.00163239	 0.00165806
0.8	1.2	26	30	0.947908	0.0023967	 0.00242502
1.2	1.6	26	30	0.975153	0.00185639	 0.0018921
1.6	2.1	26	30	0.934526	0.00261658	 0.00268471
2.1	2.4	26	30	0.869608	0.00475869	 0.00483674
-2.4	-2.1	30	35	0.882581	0.00379001	 0.00378001
-2.1	-1.6	30	35	0.922047	0.00221435	 0.00220435
-1.6	-1.2	30	35	0.97558	0.00121246	 0.00124263
-1.2	-0.8	30	35	0.943306	0.00189418	 0.00191191
-0.8	-0.3	30	35	0.960591	0.00128369	 0.0012828
-0.3	-0.2	30	35	0.86995	0.0045857	 0.00462584
-0.2	0	30	35	0.957114	0.00194573	 0.00200087
0	0.2	30	35	0.951763	0.00188258	 0.00192617
0.2	0.3	30	35	0.869529	0.00451481	 0.00455297
0.3	0.8	30	35	0.960669	0.00126325	 0.00120769
0.8	1.2	30	35	0.938073	0.00194971	 0.00197662
1.2	1.6	30	35	0.97293	0.00146706	 0.00149339
1.6	2.1	30	35	0.932129	0.00217413	 0.0021124
2.1	2.4	30	35	0.887036	0.00427083	 0.00403926
-2.4	-2.1	35	40	0.883782	0.00338128	 0.00338923
-2.1	-1.6	35	40	0.915003	0.00193543	 0.00191545
-1.6	-1.2	35	40	0.96982	0.00128295	 0.00129569
-1.2	-0.8	35	40	0.937098	0.00157711	 0.00157992
-0.8	-0.3	35	40	0.963628	0.000929225	 0.000944345
-0.3	-0.2	35	40	0.869323	0.00393111	 0.00397496
-0.2	0	35	40	0.967911	0.00142653	 0.00142644
0	0.2	35	40	0.966916	0.00152378	 0.00156077
0.2	0.3	35	40	0.871235	0.00386867	 0.00395964
0.3	0.8	35	40	0.967031	0.00111421	 0.00119887
0.8	1.2	35	40	0.934346	0.00145374	 0.0014777
1.2	1.6	35	40	0.967473	0.00126485	 0.00127859
1.6	2.1	35	40	0.925308	0.0018679	 0.0018606
2.1	2.4	35	40	0.889565	0.00309451	 0.00312938
-2.4	-2.1	40	50	0.887726	0.00234382	 0.00231574
-2.1	-1.6	40	50	0.905541	3.89543e-05	 3.89543e-05
-1.6	-1.2	40	50	0.965267	-0	 -0
-1.2	-0.8	40	50	0.939827	0.00116826	 0.000973269
-0.8	-0.3	40	50	0.972949	0.000617348	 0.000625907
-0.3	-0.2	40	50	0.872187	0.00269686	 0.00269558
-0.2	0	40	50	0.972729	0.000900204	 0.000488047
0	0.2	40	50	0.972613	0.000917191	 0.000930997
0.2	0.3	40	50	0.866839	0.00283704	 0.00278118
0.3	0.8	40	50	0.975132	0.000590718	 0.000596049
0.8	1.2	40	50	0.937488	0.00103227	 0.0010255
1.2	1.6	40	50	0.963772	0.000783744	 0.000800638
1.6	2.1	40	50	0.916053	0.00120901	 0.00121175
2.1	2.4	40	50	0.889758	5.60935e-05	 5.60935e-05
-2.4	-2.1	50	60	0.896839	0.00448265	 0.0045544
-2.1	-1.6	50	60	0.911901	0.00271547	 0.00275215
-1.6	-1.2	50	60	0.967011	0.00174605	 0.00178848
-1.2	-0.8	50	60	0.945104	0.00215418	 0.00220804
-0.8	-0.3	50	60	0.973918	0.00126835	 0.0013061
-0.3	-0.2	50	60	0.870578	0.00623436	 0.00635867
-0.2	0	50	60	0.973277	0.00196564	 0.00203036
0	0.2	50	60	0.971525	0.00184161	 0.00192578
0.2	0.3	50	60	0.868268	0.0053582	 0.00551097
0.3	0.8	50	60	0.974267	0.00132468	 0.00146054
0.8	1.2	50	60	0.940416	0.00199892	 0.00198949
1.2	1.6	50	60	0.96973	0.00169754	 0.00174735
1.6	2.1	50	60	0.920145	0.00255494	 0.00258708
2.1	2.4	50	60	0.891898	0.00451635	 0.00457486
-2.4	-2.1	60	80	0.904562	0.006815	 0.00681767
-2.1	-1.6	60	80	0.92301	0.00382033	 0.00389365
-1.6	-1.2	60	80	0.963524	0.00242387	 0.00248938
-1.2	-0.8	60	80	0.946933	0.00291292	 0.00299237
-0.8	-0.3	60	80	0.976205	0.00164946	 0.0017054
-0.3	-0.2	60	80	0.87915	0.00745887	 0.00776188
-0.2	0	60	80	0.971037	0.00287623	 0.00300408
0	0.2	60	80	0.97383	0.00274241	 0.00290199
0.2	0.3	60	80	0.889129	0.00819231	 0.00849194
0.3	0.8	60	80	0.976084	0.00172254	 0.00178256
0.8	1.2	60	80	0.943528	0.00297945	 0.00304982
1.2	1.6	60	80	0.971657	0.00233431	 0.00243174
1.6	2.1	60	80	0.930353	0.00361516	 0.0037169
2.1	2.4	60	80	0.917265	0.0057411	 0.00575161
-2.4	-2.1	80	120	0.933801	0.00898938	 0.00914454
-2.1	-1.6	80	120	0.927321	0.00626059	 0.00649587
-1.6	-1.2	80	120	0.969439	0.00325038	 0.00348275
-1.2	-0.8	80	120	0.943462	0.004168	 0.021973
-0.8	-0.3	80	120	0.97203	0.00293626	 0.00310976
-0.3	-0.2	80	120	0.886221	0.012826	 0.0134656
-0.2	0	80	120	0.974383	0.00383202	 0.00421921
0	0.2	80	120	0.973759	0.00396684	 0.00435187
0.2	0.3	80	120	0.910833	0.0114922	 0.0125478
0.3	0.8	80	120	0.972461	0.00288911	 0.00271801
0.8	1.2	80	120	0.950388	0.00726159	 0.00437268
1.2	1.6	80	120	0.965889	0.00378899	 0.00396162
1.6	2.1	80	120	0.932955	0.00500304	 0.00524856
2.1	2.4	80	120	0.922883	0.00952743	 0.0100303
-2.4	-2.1	120	200	0.892806	0.0344209	 0.02637
-2.1	-1.6	120	200	0.923396	0.0110764	 0.012213
-1.6	-1.2	120	200	0.964153	0.00673048	 0.00765565
-1.2	-0.8	120	200	0.948526	0.0089583	 0.00963546
-0.8	-0.3	120	200	0.958989	0.00586963	 0.00644667
-0.3	-0.2	120	200	0.893037	0.02229	 0.0248337
-0.2	0	120	200	0.986497	0.00478067	 0.00619959
0	0.2	120	200	0.984325	0.00614551	 0.00778172
0.2	0.3	120	200	0.907414	0.0229738	 0.0261669
0.3	0.8	120	200	0.974712	0.00545074	 0.00600703
0.8	1.2	120	200	0.947507	0.0079291	 0.00877595
1.2	1.6	120	200	0.962557	0.00725959	 0.00828655
1.6	2.1	120	200	0.938437	0.0103367	 0.0112707
2.1	2.4	120	200	0.971556	0.0237865	 0.0258886
