etamin	etamax	ptmin	ptmax	eff	deff_high	deff_low
-2.4	-2.1	10	12	0.914464	0.0449173	 0.0198331
-2.1	-1.6	10	12	0.892302	0.0152088	 0.0165609
-1.6	-1.2	10	12	0.979328	0.00952604	 0.0115812
-1.2	-0.8	10	12	0.962066	0.0111969	 0.0138029
-0.8	-0.3	10	12	0.958372	0.0146006	 0.0191791
-0.3	-0.2	10	12	0.62502	0.114087	 0.124354
-0.2	0.2	10	12	0.968083	0.0149374	 0.0215299
0.2	0.3	10	12	0.86669	0.0611832	 0.0852042
0.3	0.8	10	12	0.958472	0.0147759	 0.0193363
0.8	1.2	10	12	0.960815	0.014146	 0.0171965
1.2	1.6	10	12	0.983096	0.00680158	 0.00902925
1.6	2.1	10	12	0.9058	0.0135439	 0.0148217
2.1	2.4	10	12	0.916819	0.0182533	 0.020868
-2.4	-2.1	12	14	0.932129	0.0198794	 0.0219295
-2.1	-1.6	12	14	0.926657	0.0113671	 0.0124397
-1.6	-1.2	12	14	0.975197	0.00761162	 0.00845429
-1.2	-0.8	12	14	0.946209	0.0112242	 0.013014
-0.8	-0.3	12	14	0.975471	0.00809136	 0.0103642
-0.3	-0.2	12	14	0.840348	0.0594494	 0.0770673
-0.2	0.2	12	14	0.938952	0.0171861	 0.0210899
0.2	0.3	12	14	0.833397	0.052217	 0.0627888
0.3	0.8	12	14	0.965726	0.0101224	 0.0124521
0.8	1.2	12	14	0.95336	0.0139595	 0.0161729
1.2	1.6	12	14	0.977243	0.0064102	 0.0078829
1.6	2.1	12	14	0.904605	0.0125083	 0.0137297
2.1	2.4	12	14	0.922	0.0175234	 0.0190203
-2.4	-2.1	14	16	0.941747	0.0108909	 0.0123344
-2.1	-1.6	14	16	0.925325	0.0090199	 0.00972549
-1.6	-1.2	14	16	0.973607	0.00773549	 0.00705445
-1.2	-0.8	14	16	0.953151	0.00939143	 0.0104441
-0.8	-0.3	14	16	0.968758	0.00735475	 0.00870873
-0.3	-0.2	14	16	0.790145	0.0473598	 0.0537755
-0.2	0.2	14	16	0.949891	0.0144194	 0.0155555
0.2	0.3	14	16	0.805142	0.0484819	 0.056079
0.3	0.8	14	16	0.980003	0.00572925	 0.00699473
0.8	1.2	14	16	0.938763	0.0113555	 0.0117103
1.2	1.6	14	16	0.973026	0.00757486	 0.00861361
1.6	2.1	14	16	0.913285	0.00991579	 0.0106604
2.1	2.4	14	16	0.926748	0.0146655	 0.0156196
-2.4	-2.1	16	18	0.90976	0.0140781	 0.014685
-2.1	-1.6	16	18	0.902484	0.00931542	 0.0099022
-1.6	-1.2	16	18	0.982073	0.00577115	 0.00526676
-1.2	-0.8	16	18	0.935566	0.00925698	 0.00974873
-0.8	-0.3	16	18	0.969311	0.00595322	 0.00684037
-0.3	-0.2	16	18	0.868226	0.0413853	 0.0570392
-0.2	0.2	16	18	0.950099	0.010026	 0.0113125
0.2	0.3	16	18	0.837876	0.0334898	 0.0391637
0.3	0.8	16	18	0.966266	0.00617649	 0.0070382
0.8	1.2	16	18	0.931709	0.0101106	 0.0108805
1.2	1.6	16	18	0.980523	0.00461209	 0.00536044
1.6	2.1	16	18	0.93592	0.00907578	 0.00969287
2.1	2.4	16	18	0.907607	0.0118679	 0.0128219
-2.4	-2.1	18	20	0.920805	0.0101223	 0.0111089
-2.1	-1.6	18	20	0.911001	0.00825191	 0.00831498
-1.6	-1.2	18	20	0.985362	-0	 -0
-1.2	-0.8	18	20	0.934155	0.00716168	 0.00777713
-0.8	-0.3	18	20	0.975841	0.00417943	 0.00472077
-0.3	-0.2	18	20	0.857194	0.0295094	 0.0316555
-0.2	0.2	18	20	0.950146	0.00953651	 0.0103054
0.2	0.3	18	20	0.859009	0.0292078	 0.0259422
0.3	0.8	18	20	0.966867	0.00493684	 0.00549916
0.8	1.2	18	20	0.941194	0.00907028	 0.00907028
1.2	1.6	18	20	0.982548	0.00450057	 0.00517877
1.6	2.1	18	20	0.912219	0.00837812	 0.00884544
2.1	2.4	18	20	0.925416	0.0108774	 0.0116071
-2.4	-2.1	20	25	0.922377	0.00548679	 0.00587024
-2.1	-1.6	20	25	0.916907	0.00392411	 0.00401674
-1.6	-1.2	20	25	0.981162	0.00213884	 0.00223898
-1.2	-0.8	20	25	0.936791	0.00369782	 0.00381184
-0.8	-0.3	20	25	0.971832	0.00250189	 0.00342707
-0.3	-0.2	20	25	0.840563	0.0117861	 0.0122254
-0.2	0.2	20	25	0.965304	0.00287093	 0.00303659
0.2	0.3	20	25	0.862664	0.0124941	 0.0126901
0.3	0.8	20	25	0.98168	0.00196505	 0.00205981
0.8	1.2	20	25	0.937844	0.00371389	 0.00382331
1.2	1.6	20	25	0.979494	0.00217572	 0.00223913
1.6	2.1	20	25	0.918978	0.00415842	 0.00410027
2.1	2.4	20	25	0.917895	0.00556888	 0.00569357
-2.4	-2.1	25	30	0.925308	0.00471462	 0.00493825
-2.1	-1.6	25	30	0.919453	0.00324837	 0.00330367
-1.6	-1.2	25	30	0.982424	0.00191145	 0.00224658
-1.2	-0.8	25	30	0.942208	0.00302457	 0.00307355
-0.8	-0.3	25	30	0.973645	0.00154352	 0.0016062
-0.3	-0.2	25	30	0.848632	0.00778986	 0.00798023
-0.2	0.2	25	30	0.968687	0.00192641	 0.00196429
0.2	0.3	25	30	0.830996	0.00794607	 0.00815097
0.3	0.8	25	30	0.978518	0.00149436	 0.00151041
0.8	1.2	25	30	0.941705	0.00298382	 0.00300856
1.2	1.6	25	30	0.975086	0.00197243	 0.0020364
1.6	2.1	25	30	0.922428	0.00301448	 0.00310311
2.1	2.4	25	30	0.927445	0.0047183	 0.00491666
-2.4	-2.1	30	35	0.939573	0.00367211	 0.0037531
-2.1	-1.6	30	35	0.920445	0.00290101	 0.00293306
-1.6	-1.2	30	35	0.98097	0.00137624	 0.00144591
-1.2	-0.8	30	35	0.935221	0.00248802	 0.00251826
-0.8	-0.3	30	35	0.971851	0.00127316	 0.00130014
-0.3	-0.2	30	35	0.839315	0.00640352	 0.00643293
-0.2	0.2	30	35	0.965708	-0	 -0
0.2	0.3	30	35	0.825909	0.00622181	 0.00632185
0.3	0.8	30	35	0.975135	0.00125608	 0.00126229
0.8	1.2	30	35	0.93721	0.00240711	 0.00243367
1.2	1.6	30	35	0.981544	0.00150327	 0.00152273
1.6	2.1	30	35	0.923014	0.00276486	 0.0027399
2.1	2.4	30	35	0.925157	0.00392627	 0.00400941
-2.4	-2.1	35	40	0.933603	0.00338456	 0.00358497
-2.1	-1.6	35	40	0.916597	0.00246299	 0.00242413
-1.6	-1.2	35	40	0.981751	0.00112401	 0.00116537
-1.2	-0.8	35	40	0.938452	0.0018605	 0.0018605
-0.8	-0.3	35	40	0.97351	0.00101493	 0.0010431
-0.3	-0.2	35	40	0.833946	0.000156016	 0.000156016
-0.2	0.2	35	40	0.96566	0.00137908	 0.00137487
0.2	0.3	35	40	0.837721	0.00544852	 0.00550361
0.3	0.8	35	40	0.979187	0.000940927	 0.00095503
0.8	1.2	35	40	0.940247	0.00190097	 0.0019127
1.2	1.6	35	40	0.97881	0.00128266	 0.00130412
1.6	2.1	35	40	0.918184	0.00240973	 0.00242774
2.1	2.4	35	40	0.928724	0.00333332	 0.00337461
-2.4	-2.1	40	60	0.933503	0.00213449	 0.00216586
-2.1	-1.6	40	60	0.918808	0.00144737	 0.00144899
-1.6	-1.2	40	60	0.981917	0.000674479	 0.000677225
-1.2	-0.8	40	60	0.936752	0.00118578	 0.00117986
-0.8	-0.3	40	60	0.973952	0.000704645	 0.000712887
-0.3	-0.2	40	60	0.836765	0.00378153	 0.00369002
-0.2	0.2	40	60	0.964841	0.000833588	 0.000843364
0.2	0.3	40	60	0.832494	0.00344553	 0.00350605
0.3	0.8	40	60	0.9759	0.000675224	 0.000681166
0.8	1.2	40	60	0.940023	0.00120066	 0.00121059
1.2	1.6	40	60	0.981041	0.00073157	 0.0007465
1.6	2.1	40	60	0.921385	0.00142387	 0.00142838
2.1	2.4	40	60	0.935615	0.00208155	 0.00211264
-2.4	-2.1	60	100	0.935107	0.00643131	 0.00664798
-2.1	-1.6	60	100	0.920031	0.004553	 0.00435736
-1.6	-1.2	60	100	0.983225	0.00186828	 0.00201454
-1.2	-0.8	60	100	0.929368	0.00392736	 0.00398838
-0.8	-0.3	60	100	0.978001	0.0019469	 0.00214304
-0.3	-0.2	60	100	0.820818	0.0113723	 0.0117652
-0.2	0.2	60	100	0.963489	0.00273697	 0.00277522
0.2	0.3	60	100	0.818275	0.0109184	 0.0111435
0.3	0.8	60	100	0.978473	0.00173273	 0.00180271
0.8	1.2	60	100	0.934509	0.0035293	 0.00355706
1.2	1.6	60	100	0.973997	0.00264723	 0.00280798
1.6	2.1	60	100	0.922853	0.00393783	 0.00414842
2.1	2.4	60	100	0.920522	0.00713702	 0.00740175
-2.4	-2.1	100	200	0.895053	0.0243156	 0.0263227
-2.1	-1.6	100	200	0.899208	0.0133016	 0.0144443
-1.6	-1.2	100	200	0.978111	0.00546746	 0.0065873
-1.2	-0.8	100	200	0.937744	0.0100037	 0.0100356
-0.8	-0.3	100	200	0.967214	0.00650277	 0.00755748
-0.3	-0.2	100	200	0.765854	0.0316273	 0.0339036
-0.2	0.2	100	200	0.961697	0.00691194	 0.00783882
0.2	0.3	100	200	0.789388	0.0285899	 0.0308755
0.3	0.8	100	200	0.977648	0.00533611	 0.00615746
0.8	1.2	100	200	0.935788	0.0103211	 0.0113079
1.2	1.6	100	200	0.980664	0.00525105	 0.00636297
1.6	2.1	100	200	0.92566	0.0114597	 0.0129459
2.1	2.4	100	200	0.931263	0.0202072	 0.0229909
