etamin	etamax	ptmin	ptmax	eff	deff_high	deff_low
-2.4	-2.1	10	15	0	0	 0
-2.1	-1.6	10	15	0	0	 0
-1.6	-1.2	10	15	0	0	 0
-1.2	-0.8	10	15	0	0	 0
-0.8	-0.3	10	15	0	0	 0
-0.3	-0.2	10	15	0	0	 0
-0.2	0.2	10	15	0	0	 0
0.2	0.3	10	15	0	0	 0
0.3	0.8	10	15	0	0	 0
0.8	1.2	10	15	0	0	 0
1.2	1.6	10	15	0	0	 0
1.6	2.1	10	15	0	0	 0
2.1	2.4	10	15	0	0	 0
-2.4	-2.1	15	16	0	0	 0
-2.1	-1.6	15	16	0	0	 0
-1.6	-1.2	15	16	0	0	 0
-1.2	-0.8	15	16	0	0	 0
-0.8	-0.3	15	16	0	0	 0
-0.3	-0.2	15	16	0	0	 0
-0.2	0.2	15	16	0	0	 0
0.2	0.3	15	16	0	0	 0
0.3	0.8	15	16	0	0	 0
0.8	1.2	15	16	0	0	 0
1.2	1.6	15	16	0	0	 0
1.6	2.1	15	16	0	0	 0
2.1	2.4	15	16	0	0	 0
-2.4	-2.1	16	17	0	0	 0
-2.1	-1.6	16	17	0	0	 0
-1.6	-1.2	16	17	0	0	 0
-1.2	-0.8	16	17	0	0	 0
-0.8	-0.3	16	17	0	0	 0
-0.3	-0.2	16	17	0	0	 0
-0.2	0.2	16	17	0	0	 0
0.2	0.3	16	17	0	0	 0
0.3	0.8	16	17	0	0	 0
0.8	1.2	16	17	0	0	 0
1.2	1.6	16	17	0	0	 0
1.6	2.1	16	17	0	0	 0
2.1	2.4	16	17	0	0	 0
-2.4	-2.1	17	18	0	0	 0
-2.1	-1.6	17	18	0	0	 0
-1.6	-1.2	17	18	0	0	 0
-1.2	-0.8	17	18	0	0	 0
-0.8	-0.3	17	18	0	0	 0
-0.3	-0.2	17	18	0	0	 0
-0.2	0.2	17	18	0	0	 0
0.2	0.3	17	18	0	0	 0
0.3	0.8	17	18	0	0	 0
0.8	1.2	17	18	0	0	 0
1.2	1.6	17	18	0	0	 0
1.6	2.1	17	18	0	0	 0
2.1	2.4	17	18	0	0	 0
-2.4	-2.1	18	19	0	0	 0
-2.1	-1.6	18	19	0	0	 0
-1.6	-1.2	18	19	0	0	 0
-1.2	-0.8	18	19	0	0	 0
-0.8	-0.3	18	19	0	0	 0
-0.3	-0.2	18	19	0	0	 0
-0.2	0.2	18	19	0	0	 0
0.2	0.3	18	19	0	0	 0
0.3	0.8	18	19	0	0	 0
0.8	1.2	18	19	0	0	 0
1.2	1.6	18	19	0	0	 0
1.6	2.1	18	19	0	0	 0
2.1	2.4	18	19	0	0	 0
-2.4	-2.1	19	20	0.0200925	0.00638947	 0.00559917
-2.1	-1.6	19	20	0	0	 0
-1.6	-1.2	19	20	0	0	 0
-1.2	-0.8	19	20	0	0	 0
-0.8	-0.3	19	20	0	0	 0
-0.3	-0.2	19	20	0	0	 0
-0.2	0.2	19	20	0	0	 0
0.2	0.3	19	20	0	0	 0
0.3	0.8	19	20	0	0	 0
0.8	1.2	19	20	0	0	 0
1.2	1.6	19	20	0	0	 0
1.6	2.1	19	20	0	0	 0
2.1	2.4	19	20	0.0177958	0.00684408	 0.00574684
-2.4	-2.1	20	21	0.018558	0.00579266	 0.0102158
-2.1	-1.6	20	21	0.0105796	0.00388236	 0.00334963
-1.6	-1.2	20	21	0.0156137	0.00397316	 0.00339752
-1.2	-0.8	20	21	0	0	 0
-0.8	-0.3	20	21	0	0	 0
-0.3	-0.2	20	21	0	0	 0
-0.2	0.2	20	21	0	0	 0
0.2	0.3	20	21	0	0	 0
0.3	0.8	20	21	0	0	 0
0.8	1.2	20	21	0	0	 0
1.2	1.6	20	21	0.010921	0.00448068	 0.00382968
1.6	2.1	20	21	0.0171109	0.00380482	 0.00331939
2.1	2.4	20	21	0.0228076	0.0064539	 0.00573433
-2.4	-2.1	21	22	0.139042	0.0131083	 0.0126976
-2.1	-1.6	21	22	0.0891422	0.00860153	 0.00789596
-1.6	-1.2	21	22	0.0748721	0.00787245	 0.00709195
-1.2	-0.8	21	22	0.0598376	0.00689063	 0.0064107
-0.8	-0.3	21	22	0.0516119	0.00593863	 0.00545502
-0.3	-0.2	21	22	0.0439991	0.0150964	 0.0132091
-0.2	0.2	21	22	0.0498182	0.0088157	 0.00799483
0.2	0.3	21	22	0.0158139	0.0108511	 0.00811065
0.3	0.8	21	22	0.0507467	0.00594397	 0.00556362
0.8	1.2	21	22	0.0702646	0.00747758	 0.00699592
1.2	1.6	21	22	0.0524327	0.00866638	 0.00759416
1.6	2.1	21	22	0.0906554	0.00846421	 0.00817258
2.1	2.4	21	22	0.116524	0.0187652	 0.0107556
-2.4	-2.1	22	24	0.683055	0.012508	 0.013105
-2.1	-1.6	22	24	0.760925	0.00764556	 0.00764686
-1.6	-1.2	22	24	0.831039	0.00690353	 0.00717272
-1.2	-0.8	22	24	0.825587	0.00716853	 0.00729117
-0.8	-0.3	22	24	0.899506	0.0053185	 0.00544687
-0.3	-0.2	22	24	0.690561	0.0181334	 0.0182627
-0.2	0.2	22	24	0.854402	0.00742335	 0.00758194
0.2	0.3	22	24	0.736562	0.0190335	 0.0193836
0.3	0.8	22	24	0.896363	0.00565127	 0.00577745
0.8	1.2	22	24	0.828963	0.00777711	 0.00799184
1.2	1.6	22	24	0.825019	0.00755332	 0.00732948
1.6	2.1	22	24	0.786942	0.00779763	 0.00794506
2.1	2.4	22	24	0.660802	0.0123297	 0.0119944
-2.4	-2.1	24	26	0.749167	0.00970386	 0.00995691
-2.1	-1.6	24	26	0.809882	0.00703204	 0.00675899
-1.6	-1.2	24	26	0.860817	0.00638889	 0.00994497
-1.2	-0.8	24	26	0.872601	0.00618008	 0.00620233
-0.8	-0.3	24	26	0.925406	0.00427802	 0.00435501
-0.3	-0.2	24	26	0.716867	0.0149561	 0.0151709
-0.2	0.2	24	26	0.898645	0.00508097	 0.0051657
0.2	0.3	24	26	0.750853	0.0143939	 0.0147818
0.3	0.8	24	26	0.923478	0.00451344	 0.00462887
0.8	1.2	24	26	0.858322	0.00611541	 0.00621087
1.2	1.6	24	26	0.858923	0.00638093	 0.00648414
1.6	2.1	24	26	0.82223	0.00660179	 0.00667032
2.1	2.4	24	26	0.734235	0.00965949	 0.00984497
-2.4	-2.1	26	30	0.800427	0.00633064	 0.00638049
-2.1	-1.6	26	30	0.831934	0.00404298	 0.0040378
-1.6	-1.2	26	30	0.891815	0.00395845	 0.00394104
-1.2	-0.8	26	30	0.893136	0.0034873	 0.00348987
-0.8	-0.3	26	30	0.935201	0.00236357	 0.00239428
-0.3	-0.2	26	30	0.746859	0.00854544	 0.0085759
-0.2	0.2	26	30	0.913486	0.00275989	 0.0027912
0.2	0.3	26	30	0.764768	0.00810829	 0.00818442
0.3	0.8	26	30	0.933391	0.00232936	 0.00236011
0.8	1.2	26	30	0.888081	0.00356921	 0.00362387
1.2	1.6	26	30	0.883697	0.00402891	 0.00404461
1.6	2.1	26	30	0.843034	0.00419315	 0.00415564
2.1	2.4	26	30	0.779437	0.00622524	 0.00626668
-2.4	-2.1	30	35	0.836167	0.00462267	 0.00467911
-2.1	-1.6	30	35	0.84537	0.00303754	 0.00303925
-1.6	-1.2	30	35	0.910269	0.00271849	 0.00271666
-1.2	-0.8	30	35	0.903294	0.00248406	 0.00248486
-0.8	-0.3	30	35	0.945129	0.00157573	 0.00157793
-0.3	-0.2	30	35	0.749902	0.00604579	 0.00612091
-0.2	0.2	30	35	0.928555	0.001883	 0.0018957
0.2	0.3	30	35	0.786179	0.00562493	 0.00572428
0.3	0.8	30	35	0.944163	0.00154302	 0.00154846
0.8	1.2	30	35	0.902994	0.0023978	 0.00241963
1.2	1.6	30	35	0.900197	0.00272142	 0.00269121
1.6	2.1	30	35	0.853925	0.00305327	 0.0030637
2.1	2.4	30	35	0.799368	0.00480674	 0.00482399
-2.4	-2.1	35	40	0.842365	0.00367995	 0.00369158
-2.1	-1.6	35	40	0.853966	0.00254782	 0.00253979
-1.6	-1.2	35	40	0.92204	0.00190871	 0.00192778
-1.2	-0.8	35	40	0.904992	0.00182298	 0.00182611
-0.8	-0.3	35	40	0.94897	0.00119792	 0.00119696
-0.3	-0.2	35	40	0.77419	0.00492003	 0.00493985
-0.2	0.2	35	40	0.93588	0.00146364	 0.0014618
0.2	0.3	35	40	0.794183	0.00491852	 0.00491169
0.3	0.8	35	40	0.949619	0.00120198	 0.00120628
0.8	1.2	35	40	0.907988	0.00183142	 0.00182954
1.2	1.6	35	40	0.910692	0.00199575	 0.00200572
1.6	2.1	35	40	0.861945	0.00242939	 0.00242614
2.1	2.4	35	40	0.818319	0.00415704	 0.00415704
-2.4	-2.1	40	60	0.857959	0.00240202	 0.00241632
-2.1	-1.6	40	60	0.860872	0.00146884	 0.00146997
-1.6	-1.2	40	60	0.929672	0.00107213	 0.00107475
-1.2	-0.8	40	60	0.911555	0.00103085	 0.00104239
-0.8	-0.3	40	60	0.953627	0.000728256	 0.00073963
-0.3	-0.2	40	60	0.766596	0.00318243	 0.00319167
-0.2	0.2	40	60	0.940836	0.000911204	 0.000917147
0.2	0.3	40	60	0.794856	0.00311038	 0.00312766
0.3	0.8	40	60	0.952111	0.000672736	 0.00067963
0.8	1.2	40	60	0.913388	0.0011007	 0.00110105
1.2	1.6	40	60	0.915728	0.00116618	 0.00117115
1.6	2.1	40	60	0.865194	0.0014366	 0.0014398
2.1	2.4	40	60	0.82156	0.00261182	 0.00263347
-2.4	-2.1	60	100	0.846021	0.00809268	 0.00807434
-2.1	-1.6	60	100	0.857965	0.0047304	 0.00477209
-1.6	-1.2	60	100	0.925553	0.00350143	 0.00362496
-1.2	-0.8	60	100	0.913199	0.00353461	 0.00361923
-0.8	-0.3	60	100	0.955358	0.0020993	 0.00213063
-0.3	-0.2	60	100	0.752704	0.0101301	 0.0102613
-0.2	0.2	60	100	0.941737	0.00610275	 0.00698525
0.2	0.3	60	100	0.77618	0.00886118	 0.00919635
0.3	0.8	60	100	0.954761	0.00217607	 0.00223619
0.8	1.2	60	100	0.913697	0.00348244	 0.00343198
1.2	1.6	60	100	0.917546	0.00356797	 0.00364366
1.6	2.1	60	100	0.861796	0.00465079	 0.00473498
2.1	2.4	60	100	0.830853	0.00860673	 0.00866596
-2.4	-2.1	100	200	0.838693	0.029173	 0.030588
-2.1	-1.6	100	200	0.849767	0.015701	 0.0162974
-1.6	-1.2	100	200	0.888039	0.0102855	 0.0107384
-1.2	-0.8	100	200	0.899313	0.0108102	 0.0108006
-0.8	-0.3	100	200	0.940047	0.00665589	 0.0067527
-0.3	-0.2	100	200	0.77044	0.0259038	 0.0297334
-0.2	0.2	100	200	0.944928	0.00657916	 0.00715462
0.2	0.3	100	200	0.819844	0.0236279	 0.0248188
0.3	0.8	100	200	0.946865	0.00603002	 0.00635328
0.8	1.2	100	200	0.894009	0.0107532	 0.0113546
1.2	1.6	100	200	0.881052	0.0120437	 0.0125872
1.6	2.1	100	200	0.812224	0.0216277	 0.0162897
2.1	2.4	100	200	0.769687	0.0297483	 0.031177
