etamin	etamax	ptmin	ptmax	eff	deff_high	deff_low
-2.4	-2.1	10	11	0.967587	0.0123976	 0.0167017
-2.1	-1.6	10	11	0.945733	0.0123563	 0.0145327
-1.6	-1.2	10	11	1	0	 0.00878949
-1.2	-0.8	10	11	0.982136	0.00848405	 0.0123011
-0.8	-0.3	10	11	0.982633	0.00952543	 0.0151263
-0.3	-0.2	10	11	0.857148	0.0760457	 0.109241
-0.2	0	10	11	1	0	 0.0529584
0	0.2	10	11	1	0	 0.0514738
0.2	0.3	10	11	0.874169	0.0863454	 0.223714
0.3	0.8	10	11	1	2.5615e-09	 0.0084362
0.8	1.2	10	11	0.993515	0.00451778	 0.00875801
1.2	1.6	10	11	1	0	 0.00849806
1.6	2.1	10	11	0.978321	0.00994103	 0.0120412
2.1	2.4	10	11	0.967041	0.0125321	 0.0166677
-2.4	-2.1	11	12	0.979208	0.0132913	 0.0169946
-2.1	-1.6	11	12	0.956735	0.0101352	 0.011942
-1.6	-1.2	11	12	1	0	 0.00647109
-1.2	-0.8	11	12	0.970552	0.010461	 0.013698
-0.8	-0.3	11	12	1	0	 0.0129964
-0.3	-0.2	11	12	0.774363	0.0801603	 0.102011
-0.2	0	11	12	0.969862	0.0301376	 0.0396953
0	0.2	11	12	1	0	 0.0441472
0.2	0.3	11	12	0.802232	0.0903248	 0.125153
0.3	0.8	11	12	0.979446	0.00967656	 0.014166
0.8	1.2	11	12	0.982104	0.0075137	 0.0104259
1.2	1.6	11	12	1	0	 0.00706029
1.6	2.1	11	12	0.973215	0.00938879	 0.010987
2.1	2.4	11	12	0.96891	0.0109165	 0.0141419
-2.4	-2.1	12	13	0.971362	0.0122944	 0.0154639
-2.1	-1.6	12	13	0.964083	0.00859344	 0.0126225
-1.6	-1.2	12	13	1	0	 0.0048941
-1.2	-0.8	12	13	0.988638	0.00537409	 0.00775055
-0.8	-0.3	12	13	0.999998	2.11877e-06	 0.0130515
-0.3	-0.2	12	13	0.908004	0.0425585	 0.059761
-0.2	0	12	13	1	0	 0.0385169
0	0.2	12	13	0.980508	0.0194917	 0.0259318
0.2	0.3	12	13	0.969849	0.0209576	 0.0394986
0.3	0.8	12	13	0.989316	0.00587966	 0.009361
0.8	1.2	12	13	0.98565	0.00601459	 0.00834496
1.2	1.6	12	13	1	0	 0.0054162
1.6	2.1	12	13	0.964058	0.00913952	 0.0105571
2.1	2.4	12	13	0.977494	0.00855363	 0.0114442
-2.4	-2.1	13	14	0.961805	0.0127139	 0.0145114
-2.1	-1.6	13	14	0.977329	0.00593264	 0.00714625
-1.6	-1.2	13	14	1	0	 0.00442726
-1.2	-0.8	13	14	0.968061	0.00873296	 0.0107124
-0.8	-0.3	13	14	0.995849	0.00289744	 0.00565952
-0.3	-0.2	13	14	0.795518	0.0652066	 0.0813549
-0.2	0	13	14	0.974967	0.0137367	 0.0216615
0	0.2	13	14	1	1.11371e-08	 0.0119957
0.2	0.3	13	14	0.91959	0.0375236	 0.0537196
0.3	0.8	13	14	0.995997	0.00400264	 0.00628231
0.8	1.2	13	14	0.984577	0.00621789	 0.00823685
1.2	1.6	13	14	0.997805	0.00155932	 0.00297312
1.6	2.1	13	14	0.946513	0.00976871	 0.0109009
2.1	2.4	13	14	0.976511	0.0077928	 0.0100705
-2.4	-2.1	14	15	0.97308	0.00838619	 0.0105446
-2.1	-1.6	14	15	0.965307	0.00760432	 0.00876236
-1.6	-1.2	14	15	0.997867	0.00149	 0.00293966
-1.2	-0.8	14	15	0.979315	0.00651694	 0.00822498
-0.8	-0.3	14	15	1	0	 0.00492451
-0.3	-0.2	14	15	0.957875	0.0281037	 0.0433776
-0.2	0	14	15	1	0	 0.0204134
0	0.2	14	15	0.981302	0.010266	 0.0162567
0.2	0.3	14	15	0.894689	0.0446334	 0.0590182
0.3	0.8	14	15	0.988222	0.00492863	 0.00686316
0.8	1.2	14	15	0.982181	0.00020955	 0.00020955
1.2	1.6	14	15	1	1.67237e-09	 0.00157348
1.6	2.1	14	15	0.973266	5.8441e-05	 5.8441e-05
2.1	2.4	14	15	0.977444	0.00765029	 0.0107488
-2.4	-2.1	15	16	0.975483	0.00784019	 0.00944208
-2.1	-1.6	15	16	0.96361	0.0070202	 0.00803255
-1.6	-1.2	15	16	0.998191	0.00126837	 0.0024407
-1.2	-0.8	15	16	0.994762	0.00341022	 0.00493277
-0.8	-0.3	15	16	0.990348	0.0040497	 0.00563517
-0.3	-0.2	15	16	0.981044	0.0189564	 0.0467128
-0.2	0	15	16	1	8.45172e-08	 0.0193015
0	0.2	15	16	0.971526	0.0133494	 0.019288
0.2	0.3	15	16	0.886588	0.0347656	 0.0426103
0.3	0.8	15	16	0.99581	0.00231248	 0.00369117
0.8	1.2	15	16	0.987352	0.00605924	 0.00757625
1.2	1.6	15	16	1	0	 0.00340941
1.6	2.1	15	16	0.964892	0.00819327	 0.0078727
2.1	2.4	15	16	0.975933	0.00712033	 0.0087534
-2.4	-2.1	16	17	0.975181	0.00914756	 0.0083396
-2.1	-1.6	16	17	0.969865	-0	 -0
-1.6	-1.2	16	17	1	6.52356e-12	 0.000727826
-1.2	-0.8	16	17	0.97489	0.00590982	 0.00699288
-0.8	-0.3	16	17	0.990923	0.00347017	 0.00465249
-0.3	-0.2	16	17	0.896534	0.0314587	 0.0386371
-0.2	0	16	17	0.993175	0.00476337	 0.00924931
0	0.2	16	17	0.987934	0.00663414	 0.0105298
0.2	0.3	16	17	0.922171	0.025743	 0.0328858
0.3	0.8	16	17	0.984561	0.00456122	 0.00572012
0.8	1.2	16	17	0.983102	0.00636747	 0.00763813
1.2	1.6	16	17	0.997304	0.0014879	 0.00241756
1.6	2.1	16	17	0.97185	0.00528334	 0.00607701
2.1	2.4	16	17	0.974705	0.00695531	 0.00840129
-2.4	-2.1	17	18	0.982412	0.00697759	 0.0084262
-2.1	-1.6	17	18	0.95321	0.00664326	 0.00730534
-1.6	-1.2	17	18	0.997603	0.00233754	 0.00210479
-1.2	-0.8	17	18	0.987237	0.00360891	 0.00444366
-0.8	-0.3	17	18	0.992415	0.00277243	 0.00392815
-0.3	-0.2	17	18	0.891411	0.0310863	 0.0362236
-0.2	0	17	18	1	0	 0.00929143
0	0.2	17	18	0.980656	0.00810049	 0.0112236
0.2	0.3	17	18	0.889459	0.0304942	 0.0365413
0.3	0.8	17	18	0.997569	0.00180175	 0.00260893
0.8	1.2	17	18	0.978542	0.00534265	 0.00556554
1.2	1.6	17	18	0.998688	0.000916577	 0.00178279
1.6	2.1	17	18	0.965981	0.00559843	 0.00628617
2.1	2.4	17	18	0.978239	0.00589822	 0.00717433
-2.4	-2.1	18	19	0.979917	0.00521661	 0.00630038
-2.1	-1.6	18	19	0.959302	0.00564315	 0.00619762
-1.6	-1.2	18	19	1	0	 0.00182962
-1.2	-0.8	18	19	0.98068	0.00417868	 0.00489803
-0.8	-0.3	18	19	0.993068	0.00284603	 0.00344766
-0.3	-0.2	18	19	0.925911	0.0206178	 0.0251021
-0.2	0	18	19	0.98291	0.00717161	 0.00997632
0	0.2	18	19	0.9918	0.00599161	 0.00871336
0.2	0.3	18	19	0.903004	0.0256678	 0.0308247
0.3	0.8	18	19	0.987151	0.00323495	 0.00389134
0.8	1.2	18	19	0.978636	0.00472394	 0.00530041
1.2	1.6	18	19	0.995214	0.00183644	 0.00247568
1.6	2.1	18	19	0.973453	0.00520659	 0.0054531
2.1	2.4	18	19	0.973507	0.00765789	 0.00860859
-2.4	-2.1	19	20	0.982432	0.00457775	 0.00555152
-2.1	-1.6	19	20	0.974469	0.00421797	 0.00473183
-1.6	-1.2	19	20	0.997434	0.00121025	 0.00177592
-1.2	-0.8	19	20	0.984548	0.00444383	 0.00493725
-0.8	-0.3	19	20	0.990677	0.00274618	 0.0032845
-0.3	-0.2	19	20	0.929661	0.023806	 0.0235484
-0.2	0	19	20	0.997081	0.00203772	 0.00394965
0	0.2	19	20	0.996209	0.00379071	 0.0120483
0.2	0.3	19	20	0.915256	0.0194481	 0.0226988
0.3	0.8	19	20	0.994937	0.00179724	 0.00235201
0.8	1.2	19	20	0.981308	0.00388734	 0.00454108
1.2	1.6	19	20	0.997413	0.00122003	 0.00179731
1.6	2.1	19	20	0.970871	0.00453532	 0.00500116
2.1	2.4	19	20	0.983993	0.00526949	 0.0061235
-2.4	-2.1	20	21	0.983358	0.00418884	 0.00503029
-2.1	-1.6	20	21	0.97317	0.00396231	 0.00438885
-1.6	-1.2	20	21	0.996721	0.00156086	 0.0020576
-1.2	-0.8	20	21	0.982878	0.00347221	 0.00402823
-0.8	-0.3	20	21	0.995065	0.00163617	 0.00210802
-0.3	-0.2	20	21	0.931122	0.0180002	 0.0203429
-0.2	0	20	21	0.988259	0.00451206	 0.00611771
0	0.2	20	21	0.983717	0.00588875	 0.00773796
0.2	0.3	20	21	0.917262	0.0192316	 0.0225392
0.3	0.8	20	21	0.991801	0.0021389	 0.00261574
0.8	1.2	20	21	0.988335	0.00287895	 0.0034066
1.2	1.6	20	21	0.997226	0.00177178	 0.00228826
1.6	2.1	20	21	0.978567	0.00363848	 0.00409501
2.1	2.4	20	21	0.978991	0.00481605	 0.00648962
-2.4	-2.1	21	22	0.986666	0.00420314	 0.00471768
-2.1	-1.6	21	22	0.964907	0.00448067	 0.0048654
-1.6	-1.2	21	22	0.999268	0.000599208	 0.0010987
-1.2	-0.8	21	22	0.980784	0.00414464	 0.00461074
-0.8	-0.3	21	22	0.99171	0.0022551	 0.00261979
-0.3	-0.2	21	22	0.947028	0.0129698	 0.0151914
-0.2	0	21	22	0.986349	0.00537423	 0.0064213
0	0.2	21	22	0.989693	0.00393864	 0.00529634
0.2	0.3	21	22	0.921333	0.0154134	 0.0175843
0.3	0.8	21	22	0.990198	0.00257365	 0.00297954
0.8	1.2	21	22	0.986535	0.00333632	 0.00383182
1.2	1.6	21	22	0.998076	0.00131637	 0.00196703
1.6	2.1	21	22	0.978694	0.0037253	 0.00488191
2.1	2.4	21	22	0.978341	0.00457522	 0.00529868
-2.4	-2.1	22	23	0.98344	0.00468699	 0.00561312
-2.1	-1.6	22	23	0.963759	0.00435599	 0.00469504
-1.6	-1.2	22	23	0.997464	0.00106564	 0.0014854
-1.2	-0.8	22	23	0.983555	0.00295642	 0.00335446
-0.8	-0.3	22	23	0.994878	0.00159549	 0.00188683
-0.3	-0.2	22	23	0.925385	0.0141384	 0.0158952
-0.2	0	22	23	0.987798	0.00404303	 0.00518413
0	0.2	22	23	0.983596	0.00444322	 0.00541375
0.2	0.3	22	23	0.945983	0.0126905	 0.0143186
0.3	0.8	22	23	0.991128	0.0021438	 0.00243878
0.8	1.2	22	23	0.980689	0.00363894	 0.00393529
1.2	1.6	22	23	0.998122	0.00128701	 0.00180178
1.6	2.1	22	23	0.979073	0.00391029	 0.00427805
2.1	2.4	22	23	0.979808	0.00431861	 0.00497871
-2.4	-2.1	23	24	0.980104	0.00457193	 0.00520236
-2.1	-1.6	23	24	0.958572	0.00516219	 0.00497308
-1.6	-1.2	23	24	1	1.92561e-10	 0.000351711
-1.2	-0.8	23	24	0.977572	0.00343729	 0.00380176
-0.8	-0.3	23	24	0.99253	0.00195935	 0.00219953
-0.3	-0.2	23	24	0.956378	0.0119271	 0.0134343
-0.2	0	23	24	0.991372	0.00285692	 0.00367817
0	0.2	23	24	0.990962	0.00282618	 0.00357175
0.2	0.3	23	24	0.943989	0.0104978	 0.0119687
0.3	0.8	23	24	0.99165	0.00221825	 0.00253968
0.8	1.2	23	24	0.982327	0.0029785	 0.0033569
1.2	1.6	23	24	0.997575	0.00101894	 0.00142165
1.6	2.1	23	24	0.974394	0.00380211	 0.00413147
2.1	2.4	23	24	0.992469	0.00315695	 0.00356931
-2.4	-2.1	24	25	0.966156	-0	 -0
-2.1	-1.6	24	25	0.96557	0.00394051	 0.00426839
-1.6	-1.2	24	25	0.998847	0.000636676	 0.00101208
-1.2	-0.8	24	25	0.979581	0.00336813	 0.00368256
-0.8	-0.3	24	25	0.992047	0.00164634	 0.00190641
-0.3	-0.2	24	25	0.942092	0.0119931	 0.0132386
-0.2	0	24	25	0.992534	0.00234093	 0.00293695
0	0.2	24	25	0.974825	0.00469334	 0.00534531
0.2	0.3	24	25	0.960203	0.01075	 0.0146062
0.3	0.8	24	25	0.993087	0.00176519	 0.00200731
0.8	1.2	24	25	0.978242	0.00325344	 0.00359833
1.2	1.6	24	25	0.997697	0.000968699	 0.00134936
1.6	2.1	24	25	0.970286	0.00397607	 0.00423478
2.1	2.4	24	25	0.97753	0.00408345	 0.00463777
-2.4	-2.1	25	26	0.976026	0.00490631	 0.00543168
-2.1	-1.6	25	26	0.960671	0.00395252	 0.00424371
-1.6	-1.2	25	26	0.996085	0.00122805	 0.00154448
-1.2	-0.8	25	26	0.979933	0.00296763	 0.00329236
-0.8	-0.3	25	26	0.991395	0.00159743	 0.00183618
-0.3	-0.2	25	26	0.926179	0.0102432	 0.0111834
-0.2	0	25	26	0.983252	0.00374469	 0.00426731
0	0.2	25	26	0.993236	0.00255306	 0.00304374
0.2	0.3	25	26	0.935084	0.0102537	 0.0114209
0.3	0.8	25	26	0.992446	0.00153309	 0.00177937
0.8	1.2	25	26	0.980504	0.00346696	 0.00386805
1.2	1.6	25	26	0.99702	0.00132794	 0.00170483
1.6	2.1	25	26	0.975312	0.00340967	 0.00346866
2.1	2.4	25	26	0.977152	0.0049928	 0.0055341
-2.4	-2.1	26	30	0.971189	0.00220072	 0.0023108
-2.1	-1.6	26	30	0.954967	0.00232076	 0.00230694
-1.6	-1.2	26	30	0.994038	0.000888377	 0.00094344
-1.2	-0.8	26	30	0.972001	0.00180744	 0.00186185
-0.8	-0.3	26	30	0.975845	0.00138286	 0.00132712
-0.3	-0.2	26	30	0.912902	0.00528048	 0.00540152
-0.2	0	26	30	0.966361	0.00213519	 0.00222855
0	0.2	26	30	0.964037	0.00250102	 0.00255882
0.2	0.3	26	30	0.905855	0.00512514	 0.00531463
0.3	0.8	26	30	0.972487	0.00134558	 0.00138692
0.8	1.2	26	30	0.973723	0.00174336	 0.0017666
1.2	1.6	26	30	0.993597	0.000913063	 0.000945847
1.6	2.1	26	30	0.963222	0.00204218	 0.00210801
2.1	2.4	26	30	0.97138	0.00245235	 0.00246843
-2.4	-2.1	30	35	0.962232	0.00240715	 0.00241863
-2.1	-1.6	30	35	0.947523	0.00181582	 0.00181613
-1.6	-1.2	30	35	0.989456	0.000914719	 0.000948956
-1.2	-0.8	30	35	0.963405	0.00157908	 0.00159604
-0.8	-0.3	30	35	0.97277	0.00107522	 0.00109589
-0.3	-0.2	30	35	0.904007	0.00390246	 0.00397149
-0.2	0	30	35	0.96953	0.00150593	 0.00155195
0	0.2	30	35	0.962893	0.00165584	 0.00170045
0.2	0.3	30	35	0.90465	0.00383038	 0.00391962
0.3	0.8	30	35	0.970825	0.00113007	 0.00104465
0.8	1.2	30	35	0.963382	0.00160693	 0.00163705
1.2	1.6	30	35	0.990008	0.000960552	 0.00101162
1.6	2.1	30	35	0.955542	0.0018275	 0.00183154
2.1	2.4	30	35	0.969793	0.00209818	 0.00209548
-2.4	-2.1	35	40	0.956963	0.00220896	 0.00222949
-2.1	-1.6	35	40	0.938063	0.00167757	 0.00166957
-1.6	-1.2	35	40	0.983601	0.00100165	 0.00102652
-1.2	-0.8	35	40	0.95669	0.00134601	 0.00134376
-0.8	-0.3	35	40	0.97596	0.000762992	 0.000775457
-0.3	-0.2	35	40	0.909931	0.00325713	 0.00333166
-0.2	0	35	40	0.979848	0.00107888	 0.00111704
0	0.2	35	40	0.97661	0.00126655	 0.00129017
0.2	0.3	35	40	0.909716	0.00332044	 0.00340578
0.3	0.8	35	40	0.977531	0.000724771	 0.000738557
0.8	1.2	35	40	0.958805	1.12487e-05	 1.12487e-05
1.2	1.6	35	40	0.982248	0.000969518	 0.000987106
1.6	2.1	35	40	0.94612	0.00161255	 0.00161572
2.1	2.4	35	40	0.956068	0.00208666	 0.0020943
-2.4	-2.1	40	50	0.944774	0.00169225	 0.00170961
-2.1	-1.6	40	50	0.925572	0.00161091	 0.00161091
-1.6	-1.2	40	50	0.977928	3.31565e-05	 3.31565e-05
-1.2	-0.8	40	50	0.959388	0.000796995	 0.000808307
-0.8	-0.3	40	50	0.983926	0.00048242	 0.000490553
-0.3	-0.2	40	50	0.910669	0.00228573	 0.00232224
-0.2	0	40	50	0.984092	0.000749215	 0.000749215
0	0.2	40	50	0.983174	0.000713522	 0.000733416
0.2	0.3	40	50	0.910619	0.00229696	 0.00233505
0.3	0.8	40	50	0.984918	0.000464189	 0.000472652
0.8	1.2	40	50	0.961337	0.000850451	 0.000841912
1.2	1.6	40	50	0.97872	0.000607012	 0.00062086
1.6	2.1	40	50	0.935959	-0	 -0
2.1	2.4	40	50	0.946605	0.0014722	 0.00152988
-2.4	-2.1	50	60	0.936868	0.00345198	 0.00351398
-2.1	-1.6	50	60	0.93231	0.00243403	 0.00244345
-1.6	-1.2	50	60	0.976798	0.00146931	 0.00151201
-1.2	-0.8	50	60	0.962449	0.00188946	 0.00200481
-0.8	-0.3	50	60	0.984744	0.000992626	 0.00102756
-0.3	-0.2	50	60	0.910434	0.0052697	 0.00538535
-0.2	0	50	60	0.986376	0.00144844	 0.00153369
0	0.2	50	60	0.982045	0.00145336	 0.00155178
0.2	0.3	50	60	0.910506	0.00470863	 0.00470863
0.3	0.8	50	60	0.985403	0.000945339	 0.000970197
0.8	1.2	50	60	0.962778	0.00157042	 0.00160117
1.2	1.6	50	60	0.981617	0.00138081	 0.00142663
1.6	2.1	50	60	0.939414	0.00221875	 0.00224119
2.1	2.4	50	60	0.938046	0.00349324	 0.00356836
-2.4	-2.1	60	80	0.940336	0.00532636	 0.00546646
-2.1	-1.6	60	80	0.941222	0.00342543	 0.00349753
-1.6	-1.2	60	80	0.975674	0.00196573	 0.00207725
-1.2	-0.8	60	80	0.964801	0.00232543	 0.00240364
-0.8	-0.3	60	80	0.985777	0.00133006	 0.001385
-0.3	-0.2	60	80	0.914577	0.00652192	 0.00684315
-0.2	0	60	80	0.986383	0.0020809	 0.00225392
0	0.2	60	80	0.987285	0.00192559	 0.00209254
0.2	0.3	60	80	0.925616	0.00681619	 0.00721493
0.3	0.8	60	80	0.986883	0.00130641	 0.00137511
0.8	1.2	60	80	0.968273	0.00226816	 0.00236397
1.2	1.6	60	80	0.982906	0.00184219	 0.00194245
1.6	2.1	60	80	0.9441	0.00331772	 0.00340219
2.1	2.4	60	80	0.952614	0.00475731	 0.00480631
-2.4	-2.1	80	120	0.961467	0.00692383	 0.00729864
-2.1	-1.6	80	120	0.944537	0.00588198	 0.00616834
-1.6	-1.2	80	120	0.980401	0.00268453	 0.00295159
-1.2	-0.8	80	120	0.96484	0.00347864	 0.0036958
-0.8	-0.3	80	120	0.982838	0.0021906	 0.00307969
-0.3	-0.2	80	120	0.922334	0.013434	 0.0112551
-0.2	0	80	120	0.990467	0.00244302	 0.0029195
0	0.2	80	120	0.984273	0.00321145	 0.00368559
0.2	0.3	80	120	0.948315	0.00849963	 0.00940691
0.3	0.8	80	120	0.987212	0.0034445	 0.00501487
0.8	1.2	80	120	0.970433	0.00350791	 0.00376815
1.2	1.6	80	120	0.981622	0.0032556	 0.00298045
1.6	2.1	80	120	0.951501	0.00496434	 0.00524487
2.1	2.4	80	120	0.947923	0.00825578	 0.00889063
-2.4	-2.1	120	200	0.930767	0.0283854	 0.0256616
-2.1	-1.6	120	200	0.936399	0.012188	 0.0136961
-1.6	-1.2	120	200	0.977317	0.00612636	 0.00746175
-1.2	-0.8	120	200	0.968214	0.0081736	 0.00925238
-0.8	-0.3	120	200	0.976666	0.00503333	 0.00585756
-0.3	-0.2	120	200	0.891348	0.0253012	 0.0287465
-0.2	0	120	200	0.996831	0.0024941	 0.00428185
0	0.2	120	200	0.993974	0.00494818	 0.00707785
0.2	0.3	120	200	0.947872	0.01877	 0.0235886
0.3	0.8	120	200	0.977803	0.00694083	 0.00596314
0.8	1.2	120	200	0.973221	0.00648117	 0.00770421
1.2	1.6	120	200	0.984656	0.00508463	 0.00652458
1.6	2.1	120	200	0.944589	0.0106534	 0.0119919
2.1	2.4	120	200	0.972084	0.0264942	 0.0297495
