etamin	etamax	ptmin	ptmax	eff	deff_high	deff_low
-2.4	-2.1	10	12	0.955455	0.0103956	 0.0122512
-2.1	-1.6	10	12	0.949842	0.00947404	 0.0105242
-1.6	-1.2	10	12	0.980082	0.00732215	 0.00957935
-1.2	-0.8	10	12	0.963624	0.0111687	 0.0129763
-0.8	-0.3	10	12	0.954985	0.0130883	 0.0156962
-0.3	-0.2	10	12	0.722069	0.0937263	 0.0946185
-0.2	0.2	10	12	0.922801	0.026257	 0.0282864
0.2	0.3	10	12	0.904826	0.0439726	 0.0617884
0.3	0.8	10	12	0.968345	0.00987022	 0.0124341
0.8	1.2	10	12	0.942661	0.0114667	 0.0131836
1.2	1.6	10	12	0.987506	0.00504358	 0.00625552
1.6	2.1	10	12	0.953413	0.00774792	 0.00865717
2.1	2.4	10	12	0.92858	0.0150707	 0.0168699
-2.4	-2.1	12	14	0.959414	0.00953458	 0.0107408
-2.1	-1.6	12	14	0.960812	0.00740365	 0.00814664
-1.6	-1.2	12	14	0.985909	0.00445511	 0.00539809
-1.2	-0.8	12	14	0.960399	0.00816985	 0.00922593
-0.8	-0.3	12	14	0.974691	0.00854739	 0.0103238
-0.3	-0.2	12	14	0.837511	0.0523644	 0.0590968
-0.2	0.2	12	14	0.985248	0.00821993	 0.0114956
0.2	0.3	12	14	0.728245	0.0528248	 0.0662298
0.3	0.8	12	14	0.964141	0.00777122	 0.00901902
0.8	1.2	12	14	0.953162	0.00817792	 0.00921438
1.2	1.6	12	14	0.975453	0.00559126	 0.0065991
1.6	2.1	12	14	0.95429	0.00711475	 0.00775443
2.1	2.4	12	14	0.94488	0.0102833	 0.0113745
-2.4	-2.1	14	16	0.940385	0.00887811	 0.0097488
-2.1	-1.6	14	16	0.949382	0.00676723	 0.00713753
-1.6	-1.2	14	16	0.989943	0.0030596	 0.00367467
-1.2	-0.8	14	16	0.938169	0.00792731	 0.00864239
-0.8	-0.3	14	16	0.952148	0.00771213	 0.00844325
-0.3	-0.2	14	16	0.801801	0.0384542	 0.0412909
-0.2	0.2	14	16	0.929117	0.0131858	 0.0142248
0.2	0.3	14	16	0.867434	0.0350223	 0.0420843
0.3	0.8	14	16	0.966729	0.0064729	 0.00742295
0.8	1.2	14	16	0.955247	0.00679935	 0.00753876
1.2	1.6	14	16	0.976595	0.00501932	 0.00566067
1.6	2.1	14	16	0.958566	0.00643739	 0.00700316
2.1	2.4	14	16	0.950164	0.00918696	 0.0100816
-2.4	-2.1	16	18	0.938111	0.00863553	 0.0089857
-2.1	-1.6	16	18	0.952611	0.00515826	 0.00556763
-1.6	-1.2	16	18	0.986984	0.0028244	 0.00329767
-1.2	-0.8	16	18	0.956506	0.00578483	 0.00621567
-0.8	-0.3	16	18	0.966151	0.00500373	 0.00557962
-0.3	-0.2	16	18	0.735478	0.0326129	 0.0345247
-0.2	0.2	16	18	0.933055	0.0102117	 0.0109148
0.2	0.3	16	18	0.756082	0.0370286	 0.0416034
0.3	0.8	16	18	0.948473	0.00604751	 0.0065554
0.8	1.2	16	18	0.947584	0.00609255	 0.00659228
1.2	1.6	16	18	0.980472	0.00367126	 0.00418594
1.6	2.1	16	18	0.949201	0.000409458	 0.000409458
2.1	2.4	16	18	0.930997	0.00862777	 0.00952633
-2.4	-2.1	18	20	0.947727	0.00627769	 0.00691481
-2.1	-1.6	18	20	0.949367	0.00487752	 0.00477856
-1.6	-1.2	18	20	0.986255	0.00257055	 0.00296231
-1.2	-0.8	18	20	0.952224	0.00586114	 0.00622112
-0.8	-0.3	18	20	0.961069	0.00452061	 0.0048489
-0.3	-0.2	18	20	0.789249	0.0253425	 0.0270557
-0.2	0.2	18	20	0.94207	0.00834082	 0.00839719
0.2	0.3	18	20	0.795613	0.021719	 0.022515
0.3	0.8	18	20	0.969417	0.00397358	 0.00426837
0.8	1.2	18	20	0.945071	0.00540531	 0.00575937
1.2	1.6	18	20	0.981826	0.00353912	 0.00392596
1.6	2.1	18	20	0.954085	0.00489762	 0.00513405
2.1	2.4	18	20	0.943651	0.00716192	 0.0075991
-2.4	-2.1	20	25	0.952842	0.0033077	 0.00345272
-2.1	-1.6	20	25	0.955873	0.00250844	 0.0025914
-1.6	-1.2	20	25	0.985284	0.00152511	 0.00156338
-1.2	-0.8	20	25	0.953793	0.0027639	 0.00276517
-0.8	-0.3	20	25	0.967424	0.00203401	 0.00206376
-0.3	-0.2	20	25	0.756648	0.0111303	 0.011337
-0.2	0.2	20	25	0.948475	0.00283666	 0.00291957
0.2	0.3	20	25	0.810447	0.0101348	 0.0104468
0.3	0.8	20	25	0.962718	0.00230082	 0.00233716
0.8	1.2	20	25	0.951191	0.00277229	 0.00283644
1.2	1.6	20	25	0.979596	0.00167694	 0.00176392
1.6	2.1	20	25	0.9583	0.00226792	 0.00230903
2.1	2.4	20	25	0.945527	0.00351387	 0.00367357
-2.4	-2.1	25	30	0.956345	0.00294702	 0.00301864
-2.1	-1.6	25	30	0.950859	0.00207391	 0.00207566
-1.6	-1.2	25	30	0.984938	0.00131266	 0.00136835
-1.2	-0.8	25	30	0.951554	0.00230393	 0.00240538
-0.8	-0.3	25	30	0.964099	0.00155097	 0.00158417
-0.3	-0.2	25	30	0.790193	0.00730088	 0.00736281
-0.2	0.2	25	30	0.950398	0.00181896	 0.00185149
0.2	0.3	25	30	0.800796	0.00693304	 0.00700198
0.3	0.8	25	30	0.965198	0.00142553	 0.00146348
0.8	1.2	25	30	0.947033	0.00227173	 0.00232079
1.2	1.6	25	30	0.978467	0.00152811	 0.00159888
1.6	2.1	25	30	0.954902	0.00185568	 0.00190546
2.1	2.4	25	30	0.948241	0.00315519	 0.00433377
-2.4	-2.1	30	35	0.957588	0.00239456	 0.00256813
-2.1	-1.6	30	35	0.952165	0.00173122	 0.00175312
-1.6	-1.2	30	35	0.984983	0.00113307	 0.00139974
-1.2	-0.8	30	35	0.948511	0.00166108	 0.00169848
-0.8	-0.3	30	35	0.967192	0.00117354	 0.00117456
-0.3	-0.2	30	35	0.777956	0.00579901	 0.00588229
-0.2	0.2	30	35	0.951988	0.00148513	 0.00148902
0.2	0.3	30	35	0.808213	0.00540703	 0.00546013
0.3	0.8	30	35	0.965503	0.00109852	 0.00111575
0.8	1.2	30	35	0.950361	0.00173167	 0.00176649
1.2	1.6	30	35	0.977529	0.00135723	 0.001355
1.6	2.1	30	35	0.953753	0.00162095	 0.00164974
2.1	2.4	30	35	0.948902	0.00264283	 0.00267881
-2.4	-2.1	35	40	0.9581	0.00204583	 0.00207662
-2.1	-1.6	35	40	0.952599	0.0015139	 0.00151467
-1.6	-1.2	35	40	0.985733	0.000803145	 0.000820492
-1.2	-0.8	35	40	0.947139	0.00134621	 0.0013583
-0.8	-0.3	35	40	0.965474	0.000988305	 0.000966513
-0.3	-0.2	35	40	0.789492	0.00478101	 0.00478825
-0.2	0.2	35	40	0.951743	0.00126272	 0.00126492
0.2	0.3	35	40	0.81018	0.00476602	 0.0046477
0.3	0.8	35	40	0.966449	0.000940799	 0.000936447
0.8	1.2	35	40	0.947735	0.00166616	 0.00166616
1.2	1.6	35	40	0.976536	-0	 -0
1.6	2.1	35	40	0.953785	0.0014684	 0.00145765
2.1	2.4	35	40	0.952968	0.00224719	 0.00225072
-2.4	-2.1	40	60	0.957483	0.00136636	 0.00136327
-2.1	-1.6	40	60	0.951708	0.000913748	 0.000906279
-1.6	-1.2	40	60	0.985327	0.000506153	 0.000514555
-1.2	-0.8	40	60	0.949341	0.000864625	 0.00086659
-0.8	-0.3	40	60	0.964978	0.000621317	 0.000622468
-0.3	-0.2	40	60	0.782253	0.00306886	 0.00306031
-0.2	0.2	40	60	0.951041	0.000794962	 0.000795748
0.2	0.3	40	60	0.805241	0.00305242	 0.0030729
0.3	0.8	40	60	0.964037	0.00108862	 0.00108862
0.8	1.2	40	60	0.946319	0.000881231	 0.000869642
1.2	1.6	40	60	0.975406	0.00059062	 0.000599736
1.6	2.1	40	60	0.954438	0.000886445	 0.000890642
2.1	2.4	40	60	0.949589	0.00153438	 0.00155144
-2.4	-2.1	60	100	0.953722	0.00397055	 0.00422166
-2.1	-1.6	60	100	0.946994	0.00300257	 0.00305993
-1.6	-1.2	60	100	0.982387	0.00176724	 0.00189295
-1.2	-0.8	60	100	0.948667	0.0027997	 0.00290497
-0.8	-0.3	60	100	0.963384	0.00186881	 0.00191197
-0.3	-0.2	60	100	0.761979	0.00999627	 0.0101763
-0.2	0.2	60	100	0.947457	0.00261931	 0.00268256
0.2	0.3	60	100	0.789735	0.00906038	 0.00939754
0.3	0.8	60	100	0.96154	0.00400723	 0.00181399
0.8	1.2	60	100	0.948459	0.00249729	 0.00256645
1.2	1.6	60	100	0.974973	0.00201694	 0.00210741
1.6	2.1	60	100	0.951355	0.00298515	 0.00286777
2.1	2.4	60	100	0.947696	0.00508062	 0.00516988
-2.4	-2.1	100	200	0.94989	0.0201591	 0.0222282
-2.1	-1.6	100	200	0.925071	0.0116509	 0.012376
-1.6	-1.2	100	200	0.955434	0.00649037	 0.00715175
-1.2	-0.8	100	200	0.945689	0.00781765	 0.008354
-0.8	-0.3	100	200	0.955808	0.0111733	 0.00585885
-0.3	-0.2	100	200	0.807477	0.023665	 0.0274572
-0.2	0.2	100	200	0.950904	0.00703917	 0.00710266
0.2	0.3	100	200	0.826236	0.0231448	 0.0243729
0.3	0.8	100	200	0.957484	0.00529173	 0.0057286
0.8	1.2	100	200	0.945658	0.00769172	 0.00832467
1.2	1.6	100	200	0.941668	0.0084356	 0.00893735
1.6	2.1	100	200	0.914014	0.0112051	 0.0119515
2.1	2.4	100	200	0.89437	0.0201897	 0.0222212
