etamin	etamax	ptmin	ptmax	eff	deff_high	deff_low
-2.4	-2.1	10	15	0	0	 0
-2.1	-1.6	10	15	0	0	 0
-1.6	-1.2	10	15	0	0	 0
-1.2	-0.8	10	15	0	0	 0
-0.8	-0.3	10	15	0	0	 0
-0.3	-0.2	10	15	0	0	 0
-0.2	0.2	10	15	0	0	 0
0.2	0.3	10	15	0	0	 0
0.3	0.8	10	15	0	0	 0
0.8	1.2	10	15	0	0	 0
1.2	1.6	10	15	0	0	 0
1.6	2.1	10	15	0	0	 0
2.1	2.4	10	15	0	0	 0
-2.4	-2.1	15	16	0	0	 0
-2.1	-1.6	15	16	0	0	 0
-1.6	-1.2	15	16	0	0	 0
-1.2	-0.8	15	16	0	0	 0
-0.8	-0.3	15	16	0	0	 0
-0.3	-0.2	15	16	0	0	 0
-0.2	0.2	15	16	0	0	 0
0.2	0.3	15	16	0	0	 0
0.3	0.8	15	16	0	0	 0
0.8	1.2	15	16	0	0	 0
1.2	1.6	15	16	0	0	 0
1.6	2.1	15	16	0	0	 0
2.1	2.4	15	16	0	0	 0
-2.4	-2.1	16	17	0	0	 0
-2.1	-1.6	16	17	0	0	 0
-1.6	-1.2	16	17	0	0	 0
-1.2	-0.8	16	17	0	0	 0
-0.8	-0.3	16	17	0	0	 0
-0.3	-0.2	16	17	0	0	 0
-0.2	0.2	16	17	0	0	 0
0.2	0.3	16	17	0	0	 0
0.3	0.8	16	17	0	0	 0
0.8	1.2	16	17	0	0	 0
1.2	1.6	16	17	0	0	 0
1.6	2.1	16	17	0	0	 0
2.1	2.4	16	17	0.0101165	0.00591855	 0.00425031
-2.4	-2.1	17	18	0.0104	0.00535148	 0.00398512
-2.1	-1.6	17	18	0	0	 0
-1.6	-1.2	17	18	0	0	 0
-1.2	-0.8	17	18	0	0	 0
-0.8	-0.3	17	18	0	0	 0
-0.3	-0.2	17	18	0	0	 0
-0.2	0.2	17	18	0	0	 0
0.2	0.3	17	18	0	0	 0
0.3	0.8	17	18	0	0	 0
0.8	1.2	17	18	0	0	 0
1.2	1.6	17	18	0	0	 0
1.6	2.1	17	18	0	0	 0
2.1	2.4	17	18	0	0	 0
-2.4	-2.1	18	19	0.0162627	0.0056325	 0.00459039
-2.1	-1.6	18	19	0.0120619	0.00377392	 0.00371432
-1.6	-1.2	18	19	0	0	 0
-1.2	-0.8	18	19	0	0	 0
-0.8	-0.3	18	19	0	0	 0
-0.3	-0.2	18	19	0	0	 0
-0.2	0.2	18	19	0	0	 0
0.2	0.3	18	19	0	0	 0
0.3	0.8	18	19	0	0	 0
0.8	1.2	18	19	0	0	 0
1.2	1.6	18	19	0	0	 0
1.6	2.1	18	19	0	0	 0
2.1	2.4	18	19	0.0256414	0.00708351	 0.00600417
-2.4	-2.1	19	20	0.119025	0.0143212	 0.013566
-2.1	-1.6	19	20	0.0791204	0.00940662	 0.0101126
-1.6	-1.2	19	20	0.0573714	0.00860368	 0.00813858
-1.2	-0.8	19	20	0.0525389	0.00788376	 0.00728552
-0.8	-0.3	19	20	0.0408317	0.00653737	 0.00594672
-0.3	-0.2	19	20	0.0261459	0.0150946	 0.010885
-0.2	0.2	19	20	0.0390073	0.00845559	 0.00735968
0.2	0.3	19	20	0	0	 0
0.3	0.8	19	20	0.04865	0.00764658	 0.007142
0.8	1.2	19	20	0.0568377	0.00794387	 0.00728426
1.2	1.6	19	20	0.0607852	0.00881882	 0.0082639
1.6	2.1	19	20	0.0881948	0.00967101	 0.0092455
2.1	2.4	19	20	0.111784	0.014231	 0.0140573
-2.4	-2.1	20	21	0.65122	0.0190378	 0.0192429
-2.1	-1.6	20	21	0.738513	0.0136616	 0.0139055
-1.6	-1.2	20	21	0.820432	0.0123712	 0.0124842
-1.2	-0.8	20	21	0.828259	0.0122027	 0.0124766
-0.8	-0.3	20	21	0.859668	0.0105912	 0.0109152
-0.3	-0.2	20	21	0.676063	0.0332297	 0.0339597
-0.2	0.2	20	21	0.826499	0.0150798	 0.015551
0.2	0.3	20	21	0.683606	0.035329	 0.0365725
0.3	0.8	20	21	0.85928	0.0101799	 0.0103799
0.8	1.2	20	21	0.836043	0.0121463	 0.0126495
1.2	1.6	20	21	0.782594	0.013596	 0.0137655
1.6	2.1	20	21	0.755185	0.0122987	 0.0124192
2.1	2.4	20	21	0.63661	0.0175152	 0.0177643
-2.4	-2.1	21	22	0.727015	0.0167947	 0.0168357
-2.1	-1.6	21	22	0.794623	0.0112167	 0.0112714
-1.6	-1.2	21	22	0.842356	0.0118216	 0.0117747
-1.2	-0.8	21	22	0.836751	0.0109609	 0.0111957
-0.8	-0.3	21	22	0.906278	0.00906312	 0.0110048
-0.3	-0.2	21	22	0.781948	0.0306287	 0.0326721
-0.2	0.2	21	22	0.870633	0.0115766	 0.011634
0.2	0.3	21	22	0.687115	0.0294277	 0.0307501
0.3	0.8	21	22	0.899276	0.00836497	 0.00859983
0.8	1.2	21	22	0.851232	0.0104186	 0.0106542
1.2	1.6	21	22	0.820186	0.0124987	 0.0124057
1.6	2.1	21	22	0.77974	0.0115317	 0.0117303
2.1	2.4	21	22	0.716513	0.0174869	 0.0177648
-2.4	-2.1	22	24	0.753266	0.0117127	 0.0118151
-2.1	-1.6	22	24	0.806487	0.00718346	 0.00720929
-1.6	-1.2	22	24	0.87525	0.00602368	 0.00623542
-1.2	-0.8	22	24	0.868821	0.00628624	 0.00644124
-0.8	-0.3	22	24	0.921404	0.00491598	 0.00504276
-0.3	-0.2	22	24	0.706283	0.0174895	 0.0178473
-0.2	0.2	22	24	0.883229	0.00672611	 0.00686773
0.2	0.3	22	24	0.75929	0.0184007	 0.019072
0.3	0.8	22	24	0.918753	0.00513321	 0.00525122
0.8	1.2	22	24	0.868433	0.00706827	 0.00718861
1.2	1.6	22	24	0.866439	0.00634276	 0.00651648
1.6	2.1	22	24	0.825486	0.0072484	 0.00739316
2.1	2.4	22	24	0.738212	0.0118318	 0.0115251
-2.4	-2.1	24	26	0.790246	0.00909645	 0.00936134
-2.1	-1.6	24	26	0.830937	0.00752881	 0.00679153
-1.6	-1.2	24	26	0.883631	0.00531778	 0.0054821
-1.2	-0.8	24	26	0.890148	0.00586847	 0.00592838
-0.8	-0.3	24	26	0.927376	0.00420458	 0.00428677
-0.3	-0.2	24	26	0.723209	0.0148929	 0.0150743
-0.2	0.2	24	26	0.904849	0.00499045	 0.00506397
0.2	0.3	24	26	0.760795	0.0142195	 0.0145795
0.3	0.8	24	26	0.928491	0.00437536	 0.00453747
0.8	1.2	24	26	0.877531	0.00573388	 0.00583379
1.2	1.6	24	26	0.879049	0.00586641	 0.00600188
1.6	2.1	24	26	0.837006	0.00638962	 0.00649186
2.1	2.4	24	26	0.772624	0.00919523	 0.00937843
-2.4	-2.1	26	30	0.824292	0.0060768	 0.00612039
-2.1	-1.6	26	30	0.842686	0.00397135	 0.00396087
-1.6	-1.2	26	30	0.90541	0.003684	 0.00383799
-1.2	-0.8	26	30	0.899043	0.0033871	 0.00338423
-0.8	-0.3	26	30	0.936542	0.00234343	 0.00236842
-0.3	-0.2	26	30	0.74996	0.00848443	 0.00854227
-0.2	0.2	26	30	0.914828	0.00273195	 0.0027969
0.2	0.3	26	30	0.767412	0.00811975	 0.00812424
0.3	0.8	26	30	0.934767	0.00230961	 0.00233623
0.8	1.2	26	30	0.895248	0.00346802	 0.00351865
1.2	1.6	26	30	0.897903	0.00377777	 0.00378651
1.6	2.1	26	30	0.850265	0.00404283	 0.00401126
2.1	2.4	26	30	0.804691	0.0060114	 0.00601759
-2.4	-2.1	30	35	0.851152	0.00445038	 0.00450555
-2.1	-1.6	30	35	0.850865	0.00300325	 0.00300399
-1.6	-1.2	30	35	0.919667	0.00257541	 0.0026099
-1.2	-0.8	30	35	0.90776	0.00242339	 0.00243362
-0.8	-0.3	30	35	0.946093	0.001567	 0.00156377
-0.3	-0.2	30	35	0.751704	0.00604218	 0.00609677
-0.2	0.2	30	35	0.929575	0.00187302	 0.0018707
0.2	0.3	30	35	0.787482	0.00562262	 0.00572618
0.3	0.8	30	35	0.944815	0.00153141	 0.0015365
0.8	1.2	30	35	0.907258	0.0023531	 0.00238123
1.2	1.6	30	35	0.909333	0.00264487	 0.00262296
1.6	2.1	30	35	0.859033	0.00304583	 0.00300166
2.1	2.4	30	35	0.813993	0.00465725	 0.00467048
-2.4	-2.1	35	40	0.851896	0.00360918	 0.00361162
-2.1	-1.6	35	40	0.857787	0.00251393	 0.00251678
-1.6	-1.2	35	40	0.927346	0.00184908	 0.00186565
-1.2	-0.8	35	40	0.907454	0.00180069	 0.00181345
-0.8	-0.3	35	40	0.949911	0.00118972	 0.00118999
-0.3	-0.2	35	40	0.775123	0.00491859	 0.00493297
-0.2	0.2	35	40	0.936292	0.00145343	 0.00146198
0.2	0.3	35	40	0.795208	0.00492156	 0.00488807
0.3	0.8	35	40	0.950236	0.00119539	 0.00120068
0.8	1.2	35	40	0.910722	0.00180593	 0.00180863
1.2	1.6	35	40	0.915571	0.00195497	 0.00196108
1.6	2.1	35	40	0.864681	0.00240772	 0.0024187
2.1	2.4	35	40	0.829197	0.00403933	 0.00405587
-2.4	-2.1	40	60	0.864591	0.00235624	 0.00237147
-2.1	-1.6	40	60	0.863496	0.00145515	 0.00145743
-1.6	-1.2	40	60	0.933385	0.00104542	 0.00104857
-1.2	-0.8	40	60	0.914566	0.00110245	 0.00110535
-0.8	-0.3	40	60	0.954137	0.000726852	 0.000732707
-0.3	-0.2	40	60	0.766792	0.00300177	 0.00303998
-0.2	0.2	40	60	0.941462	0.000904875	 0.000912861
0.2	0.3	40	60	0.795481	0.0031066	 0.00312514
0.3	0.8	40	60	0.953432	0.000726416	 0.000730536
0.8	1.2	40	60	0.915391	0.00109028	 0.00109099
1.2	1.6	40	60	0.919296	0.00114342	 0.00114999
1.6	2.1	40	60	0.868304	0.00143064	 0.00142244
2.1	2.4	40	60	0.828207	0.00256947	 0.00258015
-2.4	-2.1	60	100	0.852305	0.00804463	 0.00805993
-2.1	-1.6	60	100	0.860344	0.00469829	 0.00475125
-1.6	-1.2	60	100	0.928067	0.0034392	 0.00356796
-1.2	-0.8	60	100	0.914935	0.00350798	 0.00358095
-0.8	-0.3	60	100	0.955517	0.00207129	 0.00210599
-0.3	-0.2	60	100	0.752704	0.0101301	 0.0102613
-0.2	0.2	60	100	0.941852	0.00278594	 0.0028481
0.2	0.3	60	100	0.777448	0.00883774	 0.00923097
0.3	0.8	60	100	0.952572	0.000112308	 0.000112308
0.8	1.2	60	100	0.915677	0.00342313	 0.0033798
1.2	1.6	60	100	0.920875	0.00349601	 0.00356453
1.6	2.1	60	100	0.863919	0.00463343	 0.00470327
2.1	2.4	60	100	0.834358	0.00851274	 0.00859725
-2.4	-2.1	100	200	0.857759	0.0283189	 0.0297572
-2.1	-1.6	100	200	0.851532	0.0156685	 0.0162558
-1.6	-1.2	100	200	0.889142	0.0102695	 0.0106984
-1.2	-0.8	100	200	0.900576	0.0105237	 0.0109578
-0.8	-0.3	100	200	0.940047	0.00665589	 0.0067527
-0.3	-0.2	100	200	0.77044	0.0259038	 0.0297334
-0.2	0.2	100	200	0.945811	0.00652027	 0.00709799
0.2	0.3	100	200	0.819844	0.0236279	 0.0248188
0.3	0.8	100	200	0.947643	0.00597536	 0.00634726
0.8	1.2	100	200	0.895337	0.0106743	 0.0112605
1.2	1.6	100	200	0.880952	0.0120216	 0.0125762
1.6	2.1	100	200	0.817934	0.0155423	 0.016116
2.1	2.4	100	200	0.769687	0.0297483	 0.031177
