etamin	etamax	ptmin	ptmax	eff	deff_high	deff_low
-2.4	-2.1	10	15	0	0	 0
-2.1	-1.6	10	15	0	0	 0
-1.6	-1.2	10	15	0	0	 0
-1.2	-0.8	10	15	0	0	 0
-0.8	-0.3	10	15	0	0	 0
-0.3	-0.2	10	15	0	0	 0
-0.2	0.2	10	15	0	0	 0
0.2	0.3	10	15	0	0	 0
0.3	0.8	10	15	0	0	 0
0.8	1.2	10	15	0	0	 0
1.2	1.6	10	15	0	0	 0
1.6	2.1	10	15	0	0	 0
2.1	2.4	10	15	0	0	 0
-2.4	-2.1	15	16	0	0	 0
-2.1	-1.6	15	16	0	0	 0
-1.6	-1.2	15	16	0	0	 0
-1.2	-0.8	15	16	0	0	 0
-0.8	-0.3	15	16	0	0	 0
-0.3	-0.2	15	16	0	0	 0
-0.2	0.2	15	16	0	0	 0
0.2	0.3	15	16	0	0	 0
0.3	0.8	15	16	0	0	 0
0.8	1.2	15	16	0	0	 0
1.2	1.6	15	16	0	0	 0
1.6	2.1	15	16	0	0	 0
2.1	2.4	15	16	0.0149307	0.0134476	 0.00862
-2.4	-2.1	16	17	0.0765508	0.0230351	 0.0195607
-2.1	-1.6	16	17	0.050529	0.0137034	 0.0117339
-1.6	-1.2	16	17	0.0427349	0.0138514	 0.0114619
-1.2	-0.8	16	17	0.0371103	0.0135255	 0.0109161
-0.8	-0.3	16	17	0.0314268	0.0153338	 0.0125394
-0.3	-0.2	16	17	0.0269816	0.0924523	 0.0256973
-0.2	0.2	16	17	0.0333184	0.0190136	 0.0138721
0.2	0.3	16	17	0.039999	0.0546718	 0.0399036
0.3	0.8	16	17	0	0	 0
0.8	1.2	16	17	0.0254135	0.0116133	 0.00894135
1.2	1.6	16	17	0.0355182	0.0157631	 0.0131932
1.6	2.1	16	17	0.0432671	0.0129048	 0.0113627
2.1	2.4	16	17	0.0344842	0.015809	 0.0121566
-2.4	-2.1	17	18	0.685452	0.0354491	 0.0382928
-2.1	-1.6	17	18	0.834284	0.019822	 0.0215153
-1.6	-1.2	17	18	0.877216	0.0190144	 0.0209301
-1.2	-0.8	17	18	0.724708	0.0293712	 0.0290723
-0.8	-0.3	17	18	0.965136	0.0122976	 0.0152139
-0.3	-0.2	17	18	0.641372	0.076246	 0.0803073
-0.2	0.2	17	18	0.893655	0.022229	 0.0254196
0.2	0.3	17	18	0.566665	0.0740975	 0.0737362
0.3	0.8	17	18	0.900463	0.017652	 0.0198606
0.8	1.2	17	18	0.631208	0.0310041	 0.0322486
1.2	1.6	17	18	0.866546	0.0197437	 0.0216867
1.6	2.1	17	18	0.847913	0.0224927	 0.0247122
2.1	2.4	17	18	0.564082	0.0404015	 0.0412014
-2.4	-2.1	18	19	0.73487	0.0302268	 0.0320664
-2.1	-1.6	18	19	0.899236	0.0156188	 0.0159275
-1.6	-1.2	18	19	0.896369	0.01718	 0.0189328
-1.2	-0.8	18	19	0.731356	0.0260222	 0.0271997
-0.8	-0.3	18	19	0.974868	0.0251324	 0.00918222
-0.3	-0.2	18	19	0.713628	0.0713167	 0.0757108
-0.2	0.2	18	19	0.897552	0.0239954	 0.0246221
0.2	0.3	18	19	0.719575	0.0564572	 0.0621295
0.3	0.8	18	19	0.978436	0.00691688	 0.0086897
0.8	1.2	18	19	0.722579	0.0251179	 0.0264037
1.2	1.6	18	19	0.899141	0.0156166	 0.0172756
1.6	2.1	18	19	0.894576	0.0164093	 0.0177139
2.1	2.4	18	19	0.679339	0.0310105	 0.0389622
-2.4	-2.1	19	20	0.77665	0.0283097	 0.0287808
-2.1	-1.6	19	20	0.90935	0.0148011	 0.0160484
-1.6	-1.2	19	20	0.940201	0.0176161	 0.0135398
-1.2	-0.8	19	20	0.802909	0.0209667	 0.0223309
-0.8	-0.3	19	20	0.955571	0.00928892	 0.0108581
-0.3	-0.2	19	20	0.746656	0.0573158	 0.0618143
-0.2	0.2	19	20	0.906573	0.0178478	 0.0196511
0.2	0.3	19	20	0.76461	0.0520795	 0.057928
0.3	0.8	19	20	0.97205	0.00918796	 0.0106466
0.8	1.2	19	20	0.818981	0.0240698	 0.0250491
1.2	1.6	19	20	0.923762	0.0200255	 0.0149999
1.6	2.1	19	20	0.892246	0.0151945	 0.0162221
2.1	2.4	19	20	0.73523	0.0359789	 0.0315987
-2.4	-2.1	20	21	0.795775	0.0235174	 0.0245459
-2.1	-1.6	20	21	0.910591	0.0121142	 0.0131195
-1.6	-1.2	20	21	0.929025	0.0134304	 0.0145766
-1.2	-0.8	20	21	0.751685	0.0209066	 0.0217917
-0.8	-0.3	20	21	0.961862	0.00917128	 0.0104384
-0.3	-0.2	20	21	0.740931	0.0505285	 0.0433321
-0.2	0.2	20	21	0.867608	0.0190113	 0.0208803
0.2	0.3	20	21	0.707614	0.0528357	 0.0576412
0.3	0.8	20	21	0.937147	0.0110599	 0.0120376
0.8	1.2	20	21	0.815329	0.0184565	 0.0197962
1.2	1.6	20	21	0.93417	0.0116616	 0.0136197
1.6	2.1	20	21	0.911461	0.0121725	 0.0128554
2.1	2.4	20	21	0.798749	0.0289109	 0.0271816
-2.4	-2.1	21	22	0.78824	0.0247936	 0.0262964
-2.1	-1.6	21	22	0.922356	0.0109143	 0.0119419
-1.6	-1.2	21	22	0.954455	0.00869439	 0.00988923
-1.2	-0.8	21	22	0.780802	0.0183555	 0.0191996
-0.8	-0.3	21	22	0.966623	0.00679688	 0.00764509
-0.3	-0.2	21	22	0.726892	0.0419752	 0.0468366
-0.2	0.2	21	22	0.90265	0.0154477	 0.0164056
0.2	0.3	21	22	0.769739	0.0401733	 0.0426367
0.3	0.8	21	22	0.9673	0.00703846	 0.00811377
0.8	1.2	21	22	0.74179	0.0200753	 0.0208652
1.2	1.6	21	22	0.931289	0.0108395	 0.0120454
1.6	2.1	21	22	0.938791	0.00980021	 0.0103335
2.1	2.4	21	22	0.835172	0.024282	 0.0257499
-2.4	-2.1	22	24	0.817999	0.0141808	 0.0147734
-2.1	-1.6	22	24	0.914456	0.00803011	 0.00887364
-1.6	-1.2	22	24	0.944124	0.00730584	 0.00773359
-1.2	-0.8	22	24	0.817058	0.0128248	 0.0132103
-0.8	-0.3	22	24	0.960107	0.0048989	 0.00532307
-0.3	-0.2	22	24	0.709377	0.0268151	 0.028119
-0.2	0.2	22	24	0.903819	0.00857335	 0.00905326
0.2	0.3	22	24	0.776828	0.0235307	 0.025213
0.3	0.8	22	24	0.965789	0.00516677	 0.00519511
0.8	1.2	22	24	0.778463	0.0141945	 0.0142284
1.2	1.6	22	24	0.933389	0.00822504	 0.00846198
1.6	2.1	22	24	0.906763	0.00809776	 0.00843579
2.1	2.4	22	24	0.802833	0.0157647	 0.0156392
-2.4	-2.1	24	26	0.829394	0.0140889	 0.0145138
-2.1	-1.6	24	26	0.931041	0.00622497	 0.00651177
-1.6	-1.2	24	26	0.937836	0.00613567	 0.00659205
-1.2	-0.8	24	26	0.784432	0.011547	 0.0117351
-0.8	-0.3	24	26	0.969164	0.00449253	 0.0047793
-0.3	-0.2	24	26	0.725877	0.0216175	 0.0224091
-0.2	0.2	24	26	0.908892	0.00739863	 0.00768809
0.2	0.3	24	26	0.740275	0.0208717	 0.021631
0.3	0.8	24	26	0.957472	0.0043679	 0.00466024
0.8	1.2	24	26	0.758922	0.0114148	 0.0116755
1.2	1.6	24	26	0.931116	0.006668	 0.00712577
1.6	2.1	24	26	0.932253	0.0066246	 0.00702056
2.1	2.4	24	26	0.811451	0.0138003	 0.0140118
-2.4	-2.1	26	30	0.836239	0.00833035	 0.00847667
-2.1	-1.6	26	30	0.945319	0.00390965	 0.00399749
-1.6	-1.2	26	30	0.945168	0.00365695	 0.00384367
-1.2	-0.8	26	30	0.780241	0.00740357	 0.00728588
-0.8	-0.3	26	30	0.964446	0.00264935	 0.00271648
-0.3	-0.2	26	30	0.713375	0.0131525	 0.0135423
-0.2	0.2	26	30	0.910807	0.00404342	 0.00400161
0.2	0.3	26	30	0.770633	0.0128866	 0.0130508
0.3	0.8	26	30	0.957185	0.00290003	 0.00297565
0.8	1.2	26	30	0.790922	0.0068055	 0.00692253
1.2	1.6	26	30	0.939049	0.00378328	 0.0039396
1.6	2.1	26	30	0.934906	0.00375974	 0.00389607
2.1	2.4	26	30	0.8308	0.00904845	 0.00928015
-2.4	-2.1	30	35	0.860148	0.00582225	 0.00595976
-2.1	-1.6	30	35	0.93306	0.00333243	 0.00341355
-1.6	-1.2	30	35	0.938324	0.00341474	 0.00340909
-1.2	-0.8	30	35	0.794844	0.00517005	 0.00515675
-0.8	-0.3	30	35	0.964036	0.0019229	 0.00191526
-0.3	-0.2	30	35	0.711944	0.00979374	 0.00985275
-0.2	0.2	30	35	0.915352	0.0030124	 0.00307405
0.2	0.3	30	35	0.763417	0.00926718	 0.00933621
0.3	0.8	30	35	0.960923	0.00191212	 0.00192941
0.8	1.2	30	35	0.779762	0.00534326	 0.00521461
1.2	1.6	30	35	0.938519	0.00325376	 0.00330124
1.6	2.1	30	35	0.9391	0.00285589	 0.0029452
2.1	2.4	30	35	0.855887	0.00660345	 0.00675576
-2.4	-2.1	35	40	0.883368	0.0051052	 0.00517549
-2.1	-1.6	35	40	0.937531	0.0026234	 0.00264107
-1.6	-1.2	35	40	0.945529	0.00264083	 0.00264463
-1.2	-0.8	35	40	0.78853	0.00398903	 0.00401666
-0.8	-0.3	35	40	0.963751	0.00162105	 0.00155721
-0.3	-0.2	35	40	0.733041	0.008443	 0.00845448
-0.2	0.2	35	40	0.912754	0.00252751	 0.00256262
0.2	0.3	35	40	0.757267	0.00772334	 0.00783752
0.3	0.8	35	40	0.958559	0.00169308	 0.00169772
0.8	1.2	35	40	0.783724	0.00399734	 0.00400564
1.2	1.6	35	40	0.932456	0.00256842	 0.00263367
1.6	2.1	35	40	0.943167	0.00238682	 0.00243498
2.1	2.4	35	40	0.863262	0.00506931	 0.00517533
-2.4	-2.1	40	60	0.893171	0.00329042	 0.00332345
-2.1	-1.6	40	60	0.940536	4.72179e-05	 4.72179e-05
-1.6	-1.2	40	60	0.94597	0.00146682	 0.00146959
-1.2	-0.8	40	60	0.779359	0.00250016	 0.00250801
-0.8	-0.3	40	60	0.959674	0.000977628	 0.000995144
-0.3	-0.2	40	60	0.743674	0.00535011	 0.00532649
-0.2	0.2	40	60	0.913064	0.00169853	 0.00171452
0.2	0.3	40	60	0.758086	0.00501723	 0.00501042
0.3	0.8	40	60	0.958863	0.00105618	 0.00105991
0.8	1.2	40	60	0.782168	0.00252215	 0.00252718
1.2	1.6	40	60	0.938002	0.00159778	 0.00160753
1.6	2.1	40	60	0.943321	0.00141144	 0.00144624
2.1	2.4	40	60	0.890684	0.00300977	 0.00306931
-2.4	-2.1	60	100	0.91735	0.00893889	 0.00934193
-2.1	-1.6	60	100	0.945211	0.00420324	 0.00444101
-1.6	-1.2	60	100	0.95216	0.00453374	 0.00480177
-1.2	-0.8	60	100	0.777728	0.00753645	 0.00785645
-0.8	-0.3	60	100	0.951696	0.00427452	 0.0103994
-0.3	-0.2	60	100	0.690488	0.0160907	 0.016383
-0.2	0.2	60	100	0.914948	0.00476181	 0.00488515
0.2	0.3	60	100	0.743886	0.0170892	 0.0189854
0.3	0.8	60	100	0.954725	0.00299852	 0.00562935
0.8	1.2	60	100	0.766696	0.0082284	 0.00832661
1.2	1.6	60	100	0.939554	0.0048267	 0.00507878
1.6	2.1	60	100	0.931654	0.00501246	 0.00518375
2.1	2.4	60	100	0.904095	0.0098544	 0.0100338
-2.4	-2.1	100	200	0.913888	0.0282528	 0.0337907
-2.1	-1.6	100	200	0.88619	0.0168551	 0.0184577
-1.6	-1.2	100	200	0.920846	0.0151512	 0.0166976
-1.2	-0.8	100	200	0.765322	0.0202232	 0.0210304
-0.8	-0.3	100	200	0.959992	0.00753996	 0.00855502
-0.3	-0.2	100	200	0.737039	0.0445672	 0.0460676
-0.2	0.2	100	200	0.902651	0.0133902	 0.0146156
0.2	0.3	100	200	0.723964	0.0385294	 0.0409131
0.3	0.8	100	200	0.955292	0.0137921	 0.0176386
0.8	1.2	100	200	0.750662	0.0236684	 0.0245041
1.2	1.6	100	200	0.87956	0.0162769	 0.0175673
1.6	2.1	100	200	0.915146	0.0171433	 0.017598
2.1	2.4	100	200	0.889066	0.0322998	 0.0396289
