etamin	etamax	ptmin	ptmax	eff	deff_high	deff_low
-2.4	-2.1	10	13	0.944663	0.00728725	 0.00794723
-2.1	-1.6	10	13	0.950846	0.0050693	 0.00537332
-1.6	-1.2	10	13	0.97943	0.00456667	 0.00505054
-1.2	-0.8	10	13	0.96758	0.0056329	 0.00588076
-0.8	-0.3	10	13	0.968107	0.00642383	 0.00735605
-0.3	-0.2	10	13	0.834913	0.0463992	 0.0376082
-0.2	0.2	10	13	0.964268	0.00897198	 0.0107648
0.2	0.3	10	13	0.853199	0.0365697	 0.0426623
0.3	0.8	10	13	0.963885	0.00657921	 0.00706
0.8	1.2	10	13	0.952593	0.00630387	 0.00694424
1.2	1.6	10	13	0.98211	0.00344311	 0.00396169
1.6	2.1	10	13	0.952806	0.00485983	 0.00524374
2.1	2.4	10	13	0.936501	0.00757521	 0.00814851
-2.4	-2.1	13	16	0.947099	0.000105884	 0.000105884
-2.1	-1.6	13	16	0.96087	0.00416342	 0.00443639
-1.6	-1.2	13	16	0.98453	0.00256841	 0.00285763
-1.2	-0.8	13	16	0.955717	0.00470132	 0.00502698
-0.8	-0.3	13	16	0.961432	0.00450003	 0.00486328
-0.3	-0.2	13	16	0.842248	0.0224769	 0.0244773
-0.2	0.2	13	16	0.950598	0.0072894	 0.00820373
0.2	0.3	13	16	0.876123	0.0204681	 0.0228803
0.3	0.8	13	16	0.969001	0.00405757	 0.00441251
0.8	1.2	13	16	0.959125	0.00444644	 0.00480438
1.2	1.6	13	16	0.973471	0.00383749	 0.00415019
1.6	2.1	13	16	0.959154	0.0036686	 0.00389241
2.1	2.4	13	16	0.954907	0.00595992	 0.00632989
-2.4	-2.1	16	20	0.950346	0.000208996	 0.000208996
-2.1	-1.6	16	20	0.951787	0.00300182	 0.00305389
-1.6	-1.2	16	20	0.985031	0.00169084	 0.00183398
-1.2	-0.8	16	20	0.955638	0.00321041	 0.00329327
-0.8	-0.3	16	20	0.967045	0.00253433	 0.00257213
-0.3	-0.2	16	20	0.847301	0.013223	 0.0139322
-0.2	0.2	16	20	0.946952	0.00421361	 0.00434682
0.2	0.3	16	20	0.858289	0.0134794	 0.0140557
0.3	0.8	16	20	0.962365	0.00257225	 0.0026917
0.8	1.2	16	20	0.956764	0.00299082	 0.00312642
1.2	1.6	16	20	0.979176	0.00238976	 0.00256847
1.6	2.1	16	20	0.953146	0.00267306	 0.00277975
2.1	2.4	16	20	0.943461	0.00442093	 0.00457434
-2.4	-2.1	20	25	0.957601	0.00247275	 0.00258009
-2.1	-1.6	20	25	0.956747	0.00203458	 0.00195168
-1.6	-1.2	20	25	0.984059	0.00114024	 0.00119716
-1.2	-0.8	20	25	0.961329	0.00194376	 0.00196375
-0.8	-0.3	20	25	0.97036	0.00143458	 0.00145897
-0.3	-0.2	20	25	0.836111	0.00748406	 0.00764679
-0.2	0.2	20	25	0.956952	0.00190112	 0.00195142
0.2	0.3	20	25	0.877742	0.00667745	 0.00681578
0.3	0.8	20	25	0.96837	0.00165992	 0.00165813
0.8	1.2	20	25	0.957233	0.0019127	 0.00196091
1.2	1.6	20	25	0.979004	0.0014548	 0.00142194
1.6	2.1	20	25	0.959836	0.00186965	 0.0018649
2.1	2.4	20	25	0.953664	0.00251746	 0.00261759
-2.4	-2.1	25	30	0.960219	0.00211399	 0.00214726
-2.1	-1.6	25	30	0.953393	0.00149198	 0.00150931
-1.6	-1.2	25	30	0.985728	0.000961343	 0.000988579
-1.2	-0.8	25	30	0.959387	0.00172334	 0.00188185
-0.8	-0.3	25	30	0.967626	0.00110751	 0.00112213
-0.3	-0.2	25	30	0.853398	0.00491272	 0.00493196
-0.2	0.2	25	30	0.955897	0.00132404	 0.00133319
0.2	0.3	25	30	0.878565	0.00456607	 0.00457928
0.3	0.8	25	30	0.968083	0.00104977	 0.00106478
0.8	1.2	25	30	0.954073	0.00148596	 0.00152225
1.2	1.6	25	30	0.976759	0.00119332	 0.00117468
1.6	2.1	25	30	0.957947	0.0013747	 0.00140165
2.1	2.4	25	30	0.950339	0.00207016	 0.00214076
-2.4	-2.1	30	40	0.961591	0.00111722	 0.00111282
-2.1	-1.6	30	40	0.954883	0.000813519	 0.000817443
-1.6	-1.2	30	40	0.985088	0.000479564	 0.000479375
-1.2	-0.8	30	40	0.95661	0.000741243	 0.000744075
-0.8	-0.3	30	40	0.968601	0.000526555	 0.000527186
-0.3	-0.2	30	40	0.843706	0.00254127	 0.00255293
-0.2	0.2	30	40	0.954882	0.000679222	 0.000681086
0.2	0.3	30	40	0.876983	0.00230746	 0.00233351
0.3	0.8	30	40	0.967886	0.000507172	 0.000511782
0.8	1.2	30	40	0.954232	0.000780418	 0.000784711
1.2	1.6	30	40	0.977064	0.000608652	 0.000611853
1.6	2.1	30	40	0.956532	0.000813939	 0.000806918
2.1	2.4	30	40	0.955669	0.00123975	 0.0012218
-2.4	-2.1	40	60	0.961828	0.00094544	 0.00093855
-2.1	-1.6	40	60	0.954715	0.000651609	 0.000652229
-1.6	-1.2	40	60	0.984999	0.000397478	 0.000382284
-1.2	-0.8	40	60	0.956466	0.00055675	 0.000566636
-0.8	-0.3	40	60	0.967692	0.000438433	 0.000440399
-0.3	-0.2	40	60	0.841525	0.00219172	 0.00220394
-0.2	0.2	40	60	0.954668	0.000571471	 0.000571316
0.2	0.3	40	60	0.871864	0.0020106	 0.002001
0.3	0.8	40	60	0.966831	0.000450531	 0.000450987
0.8	1.2	40	60	0.952856	0.000610768	 0.000605756
1.2	1.6	40	60	0.975587	0.000438152	 0.000443095
1.6	2.1	40	60	0.956568	0.000643701	 0.000642786
2.1	2.4	40	60	0.95626	0.00105343	 0.00107037
-2.4	-2.1	60	100	0.958491	0.00330325	 0.00338022
-2.1	-1.6	60	100	0.953741	0.00211419	 0.00214553
-1.6	-1.2	60	100	0.983374	0.00130333	 0.0013578
-1.2	-0.8	60	100	0.956639	0.00182953	 0.00184093
-0.8	-0.3	60	100	0.965863	0.00135546	 0.00135854
-0.3	-0.2	60	100	0.844994	0.00665727	 0.00676213
-0.2	0.2	60	100	0.950994	0.00193814	 0.00193814
0.2	0.3	60	100	0.854354	0.00607618	 0.0062208
0.3	0.8	60	100	0.964378	0.00148902	 0.00151605
0.8	1.2	60	100	0.954047	0.00182465	 0.00185925
1.2	1.6	60	100	0.973645	0.00159452	 0.00164274
1.6	2.1	60	100	0.956737	0.0019487	 0.00194814
2.1	2.4	60	100	0.957056	0.00347025	 0.00354383
-2.4	-2.1	100	200	0.959107	0.0146088	 0.0157689
-2.1	-1.6	100	200	0.925484	0.00839086	 0.00885549
-1.6	-1.2	100	200	0.951913	0.00539272	 0.0106845
-1.2	-0.8	100	200	0.956821	0.00503218	 0.00533275
-0.8	-0.3	100	200	0.965086	0.00453678	 0.00484572
-0.3	-0.2	100	200	0.863681	0.0169428	 0.0182782
-0.2	0.2	100	200	0.944283	0.00588553	 0.00619415
0.2	0.3	100	200	0.901201	0.0151454	 0.0164552
0.3	0.8	100	200	0.964195	6.99497e-05	 6.99497e-05
0.8	1.2	100	200	0.954207	0.00584968	 0.00631498
1.2	1.6	100	200	0.941591	0.00697559	 0.00726653
1.6	2.1	100	200	0.920435	0.00889896	 0.00904119
2.1	2.4	100	200	0.937801	0.0137485	 0.0147354
