etamin	etamax	ptmin	ptmax	eff	deff_high	deff_low
-2.4	-2.1	10	20	0	0	 0
-2.1	-1.6	10	20	0	0	 0
-1.6	-1.2	10	20	0	0	 0
-1.2	-0.8	10	20	0	0	 0
-0.8	-0.3	10	20	0	0	 0
-0.3	-0.2	10	20	0	0	 0
-0.2	0.2	10	20	0	0	 0
0.2	0.3	10	20	0	0	 0
0.3	0.8	10	20	0	0	 0
0.8	1.2	10	20	0	0	 0
1.2	1.6	10	20	0	0	 0
1.6	2.1	10	20	0	0	 0
2.1	2.4	10	20	0	0	 0
-2.4	-2.1	20	21	0.0245056	0.00615977	 0.00557469
-2.1	-1.6	20	21	0.0134398	0.00303941	 0.00273411
-1.6	-1.2	20	21	0	0	 0
-1.2	-0.8	20	21	0	0	 0
-0.8	-0.3	20	21	0	0	 0
-0.3	-0.2	20	21	0	0	 0
-0.2	0.2	20	21	0	0	 0
0.2	0.3	20	21	0	0	 0
0.3	0.8	20	21	0	0	 0
0.8	1.2	20	21	0	0	 0
1.2	1.6	20	21	0.0110747	0.00340219	 0.00298875
1.6	2.1	20	21	0.0176403	0.00309173	 0.00277996
2.1	2.4	20	21	0.0234227	0.00488912	 0.00426419
-2.4	-2.1	21	22	0.13582	0.0103736	 0.0103518
-2.1	-1.6	21	22	0.0988324	0.00750397	 0.00679761
-1.6	-1.2	21	22	0.0789897	0.00624508	 0.00589742
-1.2	-0.8	21	22	0.0596586	0.00556431	 0.00522138
-0.8	-0.3	21	22	0.0557989	0.00505104	 0.00505104
-0.3	-0.2	21	22	0.0420747	0.0110462	 0.00950626
-0.2	0.2	21	22	0.052606	0.00627267	 0.00604018
0.2	0.3	21	22	0.0255841	0.00906624	 0.00748876
0.3	0.8	21	22	0.0539376	0.00477401	 0.00457109
0.8	1.2	21	22	0.0676553	0.00595486	 0.00563146
1.2	1.6	21	22	0.0610103	0.00652237	 0.00628027
1.6	2.1	21	22	0.0988514	0.00653878	 0.00619421
2.1	2.4	21	22	0.120878	0.010663	 0.0103171
-2.4	-2.1	22	23	0.650721	0.0145215	 0.0144572
-2.1	-1.6	22	23	0.746432	0.00937681	 0.00953109
-1.6	-1.2	22	23	0.818977	0.00863058	 0.00862942
-1.2	-0.8	22	23	0.814908	0.00853892	 0.00858927
-0.8	-0.3	22	23	0.886883	0.00613315	 0.00633542
-0.3	-0.2	22	23	0.750724	0.0192	 0.0195306
-0.2	0.2	22	23	0.836791	0.00825527	 0.00842918
0.2	0.3	22	23	0.764887	0.020107	 0.0205737
0.3	0.8	22	23	0.883732	0.00678389	 0.00686289
0.8	1.2	22	23	0.824211	0.00923168	 0.00964006
1.2	1.6	22	23	0.806606	0.00827965	 0.00895784
1.6	2.1	22	23	0.771206	0.00905471	 0.00918964
2.1	2.4	22	23	0.644825	0.0145217	 0.014415
-2.4	-2.1	23	24	0.724248	0.0136063	 0.013877
-2.1	-1.6	23	24	0.785262	0.00782387	 0.00780424
-1.6	-1.2	23	24	0.834908	0.00726099	 0.00748719
-1.2	-0.8	23	24	0.867772	0.00730745	 0.00738999
-0.8	-0.3	23	24	0.913841	0.00548307	 0.00548518
-0.3	-0.2	23	24	0.755575	0.018132	 0.0185106
-0.2	0.2	23	24	0.888444	0.00636371	 0.00649032
0.2	0.3	23	24	0.798732	0.0176065	 0.0182889
0.3	0.8	23	24	0.918392	0.00583318	 0.00607186
0.8	1.2	23	24	0.867372	0.00753562	 0.00775475
1.2	1.6	23	24	0.840458	0.00768987	 0.0077254
1.6	2.1	23	24	0.798334	0.00839432	 0.00882701
2.1	2.4	23	24	0.66992	0.0136337	 0.013832
-2.4	-2.1	24	25	0.75391	0.00796031	 0.0113034
-2.1	-1.6	24	25	0.799585	0.00813527	 0.00827711
-1.6	-1.2	24	25	0.861822	0.00726206	 0.00706884
-1.2	-0.8	24	25	0.881689	0.00606251	 0.00625998
-0.8	-0.3	24	25	0.928766	0.00463132	 0.0047274
-0.3	-0.2	24	25	0.758741	0.016648	 0.0170381
-0.2	0.2	24	25	0.900295	0.00517093	 0.0053433
0.2	0.3	24	25	0.822816	0.0154577	 0.015346
0.3	0.8	24	25	0.928362	0.00448438	 0.00456924
0.8	1.2	24	25	0.873783	0.00683965	 0.00677222
1.2	1.6	24	25	0.856342	0.00715274	 0.00717655
1.6	2.1	24	25	0.816888	0.00687545	 0.00699155
2.1	2.4	24	25	0.744867	0.0119354	 0.0123147
-2.4	-2.1	25	26	0.769892	0.0113591	 0.0115592
-2.1	-1.6	25	26	0.810701	0.00676975	 0.00685076
-1.6	-1.2	25	26	0.872197	0.0063444	 0.00636383
-1.2	-0.8	25	26	0.893367	0.00631701	 0.00647373
-0.8	-0.3	25	26	0.932709	0.00443128	 0.00454377
-0.3	-0.2	25	26	0.807119	0.012777	 0.0132419
-0.2	0.2	25	26	0.914414	0.0047268	 0.00482645
0.2	0.3	25	26	0.817355	0.0142898	 0.0146042
0.3	0.8	25	26	0.923315	0.00441864	 0.00449687
0.8	1.2	25	26	0.871828	0.00641518	 0.00640833
1.2	1.6	25	26	0.873406	0.00653194	 0.00663969
1.6	2.1	25	26	0.83529	0.00683707	 0.006958
2.1	2.4	25	26	0.754625	0.0120974	 0.0145981
-2.4	-2.1	26	30	0.793568	0.00493945	 0.0049644
-2.1	-1.6	26	30	0.837289	0.00304539	 0.00304277
-1.6	-1.2	26	30	0.896341	0.00280615	 0.00279613
-1.2	-0.8	26	30	0.906083	0.00253603	 0.00254329
-0.8	-0.3	26	30	0.939621	0.00172458	 0.00172316
-0.3	-0.2	26	30	0.815071	0.00588668	 0.00596389
-0.2	0.2	26	30	0.923133	0.00189536	 0.00190938
0.2	0.3	26	30	0.84499	0.00567358	 0.00570663
0.3	0.8	26	30	0.938175	0.00170787	 0.00171709
0.8	1.2	26	30	0.901217	0.00263129	 0.00265013
1.2	1.6	26	30	0.886576	0.00289521	 0.00294965
1.6	2.1	26	30	0.843256	0.00315989	 0.00308512
2.1	2.4	26	30	0.772455	0.00488095	 0.00489362
-2.4	-2.1	30	40	0.830657	0.00222146	 0.0022137
-2.1	-1.6	30	40	0.854829	0.00143415	 0.00143706
-1.6	-1.2	30	40	0.918663	0.00116168	 0.00115543
-1.2	-0.8	30	40	0.918894	0.00103684	 0.00103624
-0.8	-0.3	30	40	0.951369	0.000688869	 0.000685635
-0.3	-0.2	30	40	0.821798	0.00272353	 0.00272717
-0.2	0.2	30	40	0.93755	0.000822009	 0.00081933
0.2	0.3	30	40	0.855761	0.00248548	 0.00251435
0.3	0.8	30	40	0.950578	0.000689089	 0.000682961
0.8	1.2	30	40	0.917149	0.00105357	 0.00105936
1.2	1.6	30	40	0.906726	0.00121822	 0.00122228
1.6	2.1	30	40	0.862873	0.00140423	 0.00140034
2.1	2.4	30	40	0.805317	0.0023826	 0.0023683
-2.4	-2.1	40	60	0.851312	0.00187873	 0.00176848
-2.1	-1.6	40	60	0.86469	0.00107186	 0.00107172
-1.6	-1.2	40	60	0.930573	0.000792508	 0.000793118
-1.2	-0.8	40	60	0.927101	0.000775361	 0.000778182
-0.8	-0.3	40	60	0.957655	0.000520524	 0.000524047
-0.3	-0.2	40	60	0.825566	0.0022833	 0.00230094
-0.2	0.2	40	60	0.946775	0.00064574	 0.000648844
0.2	0.3	40	60	0.859329	0.00210424	 0.00211384
0.3	0.8	40	60	0.957116	0.000519472	 0.00052717
0.8	1.2	40	60	0.924481	0.00077234	 0.000774016
1.2	1.6	40	60	0.917203	0.000855268	 0.000862299
1.6	2.1	40	60	0.870808	0.0010539	 0.00105258
2.1	2.4	40	60	0.820517	0.00195323	 0.00195559
-2.4	-2.1	60	100	0.848547	0.00651079	 0.00620789
-2.1	-1.6	60	100	0.866361	0.00360895	 0.00356359
-1.6	-1.2	60	100	0.929942	0.00256429	 0.00263841
-1.2	-0.8	60	100	0.928593	0.00250361	 0.0025406
-0.8	-0.3	60	100	0.958827	0.00155728	 0.00151995
-0.3	-0.2	60	100	0.830276	0.0069369	 0.00704116
-0.2	0.2	60	100	0.949213	0.00630796	 0.00646577
0.2	0.3	60	100	0.840889	0.00630796	 0.00646577
0.3	0.8	60	100	0.957768	0.00162143	 0.00166353
0.8	1.2	60	100	0.926181	0.00238142	 0.00238562
1.2	1.6	60	100	0.917001	0.00274456	 0.00279063
1.6	2.1	60	100	0.86542	0.00343962	 0.00346344
2.1	2.4	60	100	0.836398	0.00643807	 0.00650624
-2.4	-2.1	100	200	0.840364	0.0235334	 0.024392
-2.1	-1.6	100	200	0.846238	0.0118981	 0.0124068
-1.6	-1.2	100	200	0.884353	0.00826436	 0.00868718
-1.2	-0.8	100	200	0.927009	0.00679899	 0.00704744
-0.8	-0.3	100	200	0.950327	0.00526152	 0.00553271
-0.3	-0.2	100	200	0.831212	0.0187305	 0.0199597
-0.2	0.2	100	200	0.937392	0.00613612	 0.00646807
0.2	0.3	100	200	0.883585	0.0162407	 0.0175121
0.3	0.8	100	200	0.953791	0.00499079	 0.00535027
0.8	1.2	100	200	0.914028	0.00785201	 0.00820111
1.2	1.6	100	200	0.874066	0.010001	 0.0104441
1.6	2.1	100	200	0.823303	0.0126996	 0.0138433
2.1	2.4	100	200	0.814076	0.0212405	 0.0220382
