etamin	etamax	ptmin	ptmax	eff	deff_high	deff_low
-2.4	-2.1	10	13	0.923716	0.0087608	 0.00948747
-2.1	-1.6	10	13	0.944139	0.00566659	 0.00603682
-1.6	-1.2	10	13	0.978779	0.00498324	 0.00601701
-1.2	-0.8	10	13	0.964549	0.00574935	 0.00640151
-0.8	-0.3	10	13	0.970933	0.00686862	 0.00767587
-0.3	-0.2	10	13	0.772741	0.0425232	 0.0466236
-0.2	0.2	10	13	0.955109	0.0109989	 0.0113573
0.2	0.3	10	13	0.84957	0.0375081	 0.0420968
0.3	0.8	10	13	0.962883	0.00755819	 0.00786922
0.8	1.2	10	13	0.947343	0.00708026	 0.00773488
1.2	1.6	10	13	0.973578	0.00464333	 0.00530883
1.6	2.1	10	13	0.958057	0.00545625	 0.00583647
2.1	2.4	10	13	0.95838	0.00688775	 0.00758875
-2.4	-2.1	13	16	0.938761	0.00737343	 0.00789121
-2.1	-1.6	13	16	0.950815	0.00509605	 0.00503584
-1.6	-1.2	13	16	0.978201	0.00323084	 0.00351466
-1.2	-0.8	13	16	0.964241	0.00450379	 0.00480091
-0.8	-0.3	13	16	0.96938	0.00482952	 0.0053394
-0.3	-0.2	13	16	0.843915	0.0231533	 0.0255772
-0.2	0.2	13	16	0.957285	0.00679674	 0.00720043
0.2	0.3	13	16	0.873601	0.0242323	 0.0260152
0.3	0.8	13	16	0.967025	0.00447705	 0.0047794
0.8	1.2	13	16	0.959779	0.00495216	 0.00525816
1.2	1.6	13	16	0.971964	9.16449e-05	 9.16449e-05
1.6	2.1	13	16	0.967194	0.00419989	 0.00444793
2.1	2.4	13	16	0.949918	0.0067714	 0.00692689
-2.4	-2.1	16	20	0.948343	0.00418466	 0.00436471
-2.1	-1.6	16	20	0.951566	0.00318958	 0.00331048
-1.6	-1.2	16	20	0.983126	0.00182253	 0.00195962
-1.2	-0.8	16	20	0.961066	0.00331329	 0.00339114
-0.8	-0.3	16	20	0.965633	0.00261699	 0.00274143
-0.3	-0.2	16	20	0.829444	0.014232	 0.0147692
-0.2	0.2	16	20	0.950953	0.0044961	 0.00462389
0.2	0.3	16	20	0.854553	0.0135681	 0.0139063
0.3	0.8	16	20	0.964476	0.00338256	 0.00277585
0.8	1.2	16	20	0.960736	0.00301258	 0.00316164
1.2	1.6	16	20	0.972279	0.0023581	 0.00248771
1.6	2.1	16	20	0.954437	0.00317186	 0.00331881
2.1	2.4	16	20	0.9445	0.0047234	 0.00488484
-2.4	-2.1	20	25	0.954259	0.00298776	 0.00303525
-2.1	-1.6	20	25	0.949321	0.00194309	 0.00199256
-1.6	-1.2	20	25	0.980606	0.00129636	 0.00135672
-1.2	-0.8	20	25	0.961677	0.00200647	 0.00195782
-0.8	-0.3	20	25	0.969864	0.00162512	 0.00165784
-0.3	-0.2	20	25	0.839898	0.00760888	 0.00777064
-0.2	0.2	20	25	0.955261	0.00219531	 0.00220699
0.2	0.3	20	25	0.866987	0.00731459	 0.00747996
0.3	0.8	20	25	0.968091	0.00155635	 0.00157887
0.8	1.2	20	25	0.960598	0.00197086	 0.00199786
1.2	1.6	20	25	0.976198	0.00151186	 0.00156006
1.6	2.1	20	25	0.958116	0.00220294	 0.0021037
2.1	2.4	20	25	0.950686	0.0031048	 0.00313365
-2.4	-2.1	25	30	0.955852	0.00236143	 0.00241753
-2.1	-1.6	25	30	0.951804	0.00169677	 0.00171868
-1.6	-1.2	25	30	0.98507	0.00100149	 0.00156414
-1.2	-0.8	25	30	0.961548	0.0015234	 0.00152918
-0.8	-0.3	25	30	0.968962	0.00120722	 0.00120991
-0.3	-0.2	25	30	0.840242	0.00500778	 0.00508198
-0.2	0.2	25	30	0.955895	0.00138305	 0.00137563
0.2	0.3	25	30	0.864429	0.00479749	 0.00488319
0.3	0.8	25	30	0.965812	0.00116198	 0.00116313
0.8	1.2	25	30	0.958116	0.00160924	 0.00160474
1.2	1.6	25	30	0.975742	0.00129916	 0.00131832
1.6	2.1	25	30	0.957634	0.00152834	 0.00155171
2.1	2.4	25	30	0.954261	0.00220456	 0.00223269
-2.4	-2.1	30	40	0.960839	0.00123432	 0.00125318
-2.1	-1.6	30	40	0.953976	0.000917742	 0.000922969
-1.6	-1.2	30	40	0.983943	0.000533829	 0.000528311
-1.2	-0.8	30	40	0.959118	0.000752689	 0.000755096
-0.8	-0.3	30	40	0.967034	0.000555401	 0.000555401
-0.3	-0.2	30	40	0.835435	0.00258632	 0.00261125
-0.2	0.2	30	40	0.954039	0.000702761	 0.00070716
0.2	0.3	30	40	0.867935	0.0024028	 0.00240595
0.3	0.8	30	40	0.967247	0.000549509	 0.000555785
0.8	1.2	30	40	0.956855	0.000771229	 0.00077035
1.2	1.6	30	40	0.976125	0.000649502	 0.000646763
1.6	2.1	30	40	0.956052	0.000836111	 0.00082639
2.1	2.4	30	40	0.959733	0.00124903	 0.00126379
-2.4	-2.1	40	60	0.958839	0.00068353	 0.000680276
-2.1	-1.6	40	60	0.951742	0.00068353	 0.000680276
-1.6	-1.2	40	60	0.983535	0.000404682	 0.000409058
-1.2	-0.8	40	60	0.959305	0.000584342	 0.000583045
-0.8	-0.3	40	60	0.96629	0.000456288	 0.000458218
-0.3	-0.2	40	60	0.840005	0.00227872	 0.00229304
-0.2	0.2	40	60	0.953272	0.000599961	 0.000600471
0.2	0.3	40	60	0.868931	0.00198142	 0.00198956
0.3	0.8	40	60	0.964356	0.000462318	 0.000462434
0.8	1.2	40	60	0.956321	0.00058614	 0.000586274
1.2	1.6	40	60	0.975817	0.000645289	 0.00064347
1.6	2.1	40	60	0.955941	0.000645289	 0.00064347
2.1	2.4	40	60	0.958178	0.00104099	 0.00104781
-2.4	-2.1	60	100	0.962028	0.00343392	 0.00357047
-2.1	-1.6	60	100	0.948593	0.00218665	 0.00221244
-1.6	-1.2	60	100	0.980624	0.00143713	 0.00151983
-1.2	-0.8	60	100	0.957003	0.00178709	 0.00183999
-0.8	-0.3	60	100	0.963689	0.00153631	 0.00144207
-0.3	-0.2	60	100	0.823227	0.00719513	 0.00730414
-0.2	0.2	60	100	0.950354	0.00201503	 0.00203881
0.2	0.3	60	100	0.868462	0.00664613	 0.00679844
0.3	0.8	60	100	0.962544	0.00146528	 0.00150076
0.8	1.2	60	100	0.956428	0.00178386	 0.00184141
1.2	1.6	60	100	0.974227	0.00145506	 0.00152051
1.6	2.1	60	100	0.957699	0.00217434	 0.00224312
2.1	2.4	60	100	0.952103	0.00379663	 0.00391933
-2.4	-2.1	100	200	0.9439	0.0150307	 0.0161338
-2.1	-1.6	100	200	0.923067	0.00871576	 0.00869707
-1.6	-1.2	100	200	0.951137	0.00684166	 0.00733236
-1.2	-0.8	100	200	0.954472	0.00551564	 0.00585901
-0.8	-0.3	100	200	0.954706	0.00508711	 0.00535117
-0.3	-0.2	100	200	0.863991	0.0197277	 0.0191948
-0.2	0.2	100	200	0.944738	0.00546067	 0.00582365
0.2	0.3	100	200	0.837805	0.0173641	 0.0185024
0.3	0.8	100	200	0.959495	0.00463728	 0.00485681
0.8	1.2	100	200	0.945346	0.00632012	 0.00673095
1.2	1.6	100	200	0.941664	0.00602482	 0.0064633
1.6	2.1	100	200	0.924029	0.00854382	 0.00903023
2.1	2.4	100	200	0.922112	0.0208426	 0.0214356
