etamin	etamax	ptmin	ptmax	eff	deff_high	deff_low
-2.4	-2.1	10	13	0.926066	0.00768165	 0.00821691
-2.1	-1.6	10	13	0.93392	0.0062457	 0.00654518
-1.6	-1.2	10	13	0.974604	0.00458677	 0.00552739
-1.2	-0.8	10	13	0.973185	0.00557779	 0.00604888
-0.8	-0.3	10	13	0.957695	0.00654277	 0.00730324
-0.3	-0.2	10	13	0.759576	0.0507252	 0.0508775
-0.2	0.2	10	13	0.942712	0.0104045	 0.0119605
0.2	0.3	10	13	0.861972	0.0322316	 0.0377649
0.3	0.8	10	13	0.95418	0.00677745	 0.00745447
0.8	1.2	10	13	0.968652	0.00577923	 0.012805
1.2	1.6	10	13	0.976817	0.00445434	 0.00492433
1.6	2.1	10	13	0.944574	0.00572496	 0.00603201
2.1	2.4	10	13	0.942902	0.0212573	 0.00798446
-2.4	-2.1	13	16	0.943146	0.0119777	 0.00618613
-2.1	-1.6	13	16	0.94635	0.00402023	 0.00425073
-1.6	-1.2	13	16	0.975569	0.00294331	 0.0031962
-1.2	-0.8	13	16	0.967057	0.00440969	 0.00465511
-0.8	-0.3	13	16	0.956704	0.00489567	 0.00508943
-0.3	-0.2	13	16	0.804597	0.0262397	 0.0276845
-0.2	0.2	13	16	0.933432	0.0086473	 0.0113078
0.2	0.3	13	16	0.86241	0.0235576	 0.0255962
0.3	0.8	13	16	0.953808	0.00456802	 0.00487463
0.8	1.2	13	16	0.965026	0.0042579	 0.00448939
1.2	1.6	13	16	0.966945	0.00350113	 0.00376398
1.6	2.1	13	16	0.946329	0.0046321	 0.00484506
2.1	2.4	13	16	0.946739	0.00630637	 0.00804928
-2.4	-2.1	16	20	0.942322	0.00430474	 0.00444462
-2.1	-1.6	16	20	0.949014	0.00284647	 0.00289323
-1.6	-1.2	16	20	0.975933	0.00200731	 0.0021244
-1.2	-0.8	16	20	0.965731	0.00244392	 0.00260997
-0.8	-0.3	16	20	0.952327	0.00273205	 0.00283962
-0.3	-0.2	16	20	0.823565	0.0144123	 0.0151988
-0.2	0.2	16	20	0.943674	0.00413254	 0.00425426
0.2	0.3	16	20	0.865144	0.0110307	 0.0115886
0.3	0.8	16	20	0.96323	0.00286788	 0.00305617
0.8	1.2	16	20	0.96057	0.00275186	 0.00286761
1.2	1.6	16	20	0.977416	0.00225274	 0.00235948
1.6	2.1	16	20	0.949465	0.00297843	 0.00289365
2.1	2.4	16	20	0.948127	0.00446903	 0.00443525
-2.4	-2.1	20	25	0.948403	0.00266605	 0.00269383
-2.1	-1.6	20	25	0.944419	0.00196698	 0.00193389
-1.6	-1.2	20	25	0.982039	0.00133752	 0.00136253
-1.2	-0.8	20	25	0.965444	0.00168179	 0.00169231
-0.8	-0.3	20	25	0.960957	0.00151486	 0.00153713
-0.3	-0.2	20	25	0.833809	0.00773312	 0.00781447
-0.2	0.2	20	25	0.948886	0.00196346	 0.00200194
0.2	0.3	20	25	0.865341	0.0064249	 0.00652619
0.3	0.8	20	25	0.963006	0.0016884	 0.00174053
0.8	1.2	20	25	0.961964	0.0017675	 0.00177955
1.2	1.6	20	25	0.974836	0.00139212	 0.00139212
1.6	2.1	20	25	0.953667	0.00199226	 0.0021057
2.1	2.4	20	25	0.948548	0.00274294	 0.00263055
-2.4	-2.1	25	30	0.949839	0.00226448	 0.00271141
-2.1	-1.6	25	30	0.943692	0.00150573	 0.00152147
-1.6	-1.2	25	30	0.980182	0.000988262	 0.000999822
-1.2	-0.8	25	30	0.966123	0.00125039	 0.00126111
-0.8	-0.3	25	30	0.961236	0.00112097	 0.00112024
-0.3	-0.2	25	30	0.831212	0.00496693	 0.00493075
-0.2	0.2	25	30	0.953706	0.00128418	 0.00127296
0.2	0.3	25	30	0.872491	0.00444463	 0.00448851
0.3	0.8	25	30	0.9639	0.00105303	 0.0010551
0.8	1.2	25	30	0.963294	0.00134029	 0.00133002
1.2	1.6	25	30	0.975114	0.00112884	 0.0011329
1.6	2.1	25	30	0.951382	0.00148586	 0.00146701
2.1	2.4	25	30	0.952888	0.0022188	 0.0022649
-2.4	-2.1	30	40	0.955855	0.00114436	 0.00115528
-2.1	-1.6	30	40	0.946743	0.000855155	 0.00085615
-1.6	-1.2	30	40	0.980401	0.000542633	 0.000536756
-1.2	-0.8	30	40	0.965446	0.000631952	 0.000635025
-0.8	-0.3	30	40	0.958202	0.000558561	 0.000560045
-0.3	-0.2	30	40	0.831872	0.00242031	 0.00243152
-0.2	0.2	30	40	0.951909	0.000649255	 0.000652634
0.2	0.3	30	40	0.862334	0.00221008	 0.00220094
0.3	0.8	30	40	0.962617	0.000528392	 0.000531479
0.8	1.2	30	40	0.961584	0.000672721	 0.000666879
1.2	1.6	30	40	0.973365	0.00062514	 0.000616431
1.6	2.1	30	40	0.950196	0.000811245	 0.000815012
2.1	2.4	30	40	0.951211	0.00123233	 0.00122797
-2.4	-2.1	40	60	0.956445	0.000984036	 0.000991023
-2.1	-1.6	40	60	0.945273	0.000674511	 0.000672594
-1.6	-1.2	40	60	0.980464	0.00108876	 0.00108876
-1.2	-0.8	40	60	0.963409	0.000504917	 0.000506784
-0.8	-0.3	40	60	0.958487	0.000438343	 0.000441697
-0.3	-0.2	40	60	0.829566	0.00196862	 0.00198701
-0.2	0.2	40	60	0.94931	0.000570116	 0.000571552
0.2	0.3	40	60	0.862778	0.00184237	 0.00184324
0.3	0.8	40	60	0.960292	0.000448049	 0.000447508
0.8	1.2	40	60	0.961154	0.000504278	 0.000509452
1.2	1.6	40	60	0.972815	0.000434065	 0.000434065
1.6	2.1	40	60	0.950612	0.000636732	 0.000636935
2.1	2.4	40	60	0.952294	0.00102458	 0.00103445
-2.4	-2.1	60	100	0.950117	0.00358985	 0.00367666
-2.1	-1.6	60	100	0.943186	0.00208984	 0.00211657
-1.6	-1.2	60	100	0.979412	0.00126412	 0.00129472
-1.2	-0.8	60	100	0.960167	0.0016127	 0.00163671
-0.8	-0.3	60	100	0.955654	0.00648208	 0.00657629
-0.3	-0.2	60	100	0.820546	0.00648208	 0.00657629
-0.2	0.2	60	100	0.951099	0.00186012	 0.00188313
0.2	0.3	60	100	0.858054	0.00586882	 0.00597044
0.3	0.8	60	100	0.957586	0.00143258	 0.00143564
0.8	1.2	60	100	0.960835	0.00150759	 0.00156327
1.2	1.6	60	100	0.973686	0.00149211	 0.00156975
1.6	2.1	60	100	0.946073	0.00212774	 0.00216789
2.1	2.4	60	100	0.947688	0.00365969	 0.00374495
-2.4	-2.1	100	200	0.939878	0.0160252	 0.016936
-2.1	-1.6	100	200	0.920962	0.00819855	 0.00856628
-1.6	-1.2	100	200	0.95762	0.005657	 0.00603143
-1.2	-0.8	100	200	0.960102	0.00468655	 0.00478986
-0.8	-0.3	100	200	0.948665	0.00434116	 0.00458713
-0.3	-0.2	100	200	0.82701	0.0178543	 0.019075
-0.2	0.2	100	200	0.948623	0.00493768	 0.00523177
0.2	0.3	100	200	0.838995	0.0188576	 0.0198412
0.3	0.8	100	200	0.962932	0.00421726	 0.0044844
0.8	1.2	100	200	0.950183	0.00500765	 0.0053529
1.2	1.6	100	200	0.949702	0.0055069	 0.00579857
1.6	2.1	100	200	0.922561	0.00834175	 0.00873468
2.1	2.4	100	200	0.95014	0.0136269	 0.0147688
