etamin	etamax	ptmin	ptmax	eff	deff_high	deff_low
-2.4	-2.1	10	13	0.875057	0.0109312	 0.0119313
-2.1	-1.6	10	13	0.90286	0.00748959	 0.00777871
-1.6	-1.2	10	13	0.919991	0.00669146	 0.00704963
-1.2	-0.8	10	13	0.920251	0.00991789	 0.0113447
-0.8	-0.3	10	13	0.931464	0.00845874	 0.00916539
-0.3	-0.2	10	13	0.732953	0.049144	 0.0542889
-0.2	0.2	10	13	0.921869	0.0121913	 0.0135142
0.2	0.3	10	13	0.812828	0.0361205	 0.0428106
0.3	0.8	10	13	0.929066	0.00816101	 0.00881304
0.8	1.2	10	13	0.918637	0.0079509	 0.00849373
1.2	1.6	10	13	0.914098	0.0139004	 0.00826333
1.6	2.1	10	13	0.908411	0.00724136	 0.00749254
2.1	2.4	10	13	0.892268	0.0138992	 0.0111874
-2.4	-2.1	13	16	0.904807	0.00808628	 0.00845402
-2.1	-1.6	13	16	0.91064	0.00508076	 0.00527231
-1.6	-1.2	13	16	0.932259	0.00542734	 0.00622348
-1.2	-0.8	13	16	0.933794	0.006026	 0.00626072
-0.8	-0.3	13	16	0.941758	0.00565457	 0.00589626
-0.3	-0.2	13	16	0.772514	0.0278568	 0.0292093
-0.2	0.2	13	16	0.913453	0.00850905	 0.00915947
0.2	0.3	13	16	0.814116	0.0266026	 0.0285069
0.3	0.8	13	16	0.931179	0.00561259	 0.00589125
0.8	1.2	13	16	0.92954	0.00571113	 0.00592631
1.2	1.6	13	16	0.921032	0.00811131	 0.00585513
1.6	2.1	13	16	0.917803	0.00568608	 0.00589385
2.1	2.4	13	16	0.899916	0.00851674	 0.00891358
-2.4	-2.1	16	20	0.898619	0.00587962	 0.00599478
-2.1	-1.6	16	20	0.923263	0.00345399	 0.00349849
-1.6	-1.2	16	20	0.933594	0.00334418	 0.00348774
-1.2	-0.8	16	20	0.932547	0.000228523	 0.000228523
-0.8	-0.3	16	20	0.936124	0.0031544	 0.00325811
-0.3	-0.2	16	20	0.793245	0.0151053	 0.0154403
-0.2	0.2	16	20	0.924285	0.00480967	 0.00493626
0.2	0.3	16	20	0.839765	0.0129146	 0.0132016
0.3	0.8	16	20	0.947468	0.00344144	 0.00488307
0.8	1.2	16	20	0.926518	0.00381826	 0.00389807
1.2	1.6	16	20	0.930918	0.00389101	 0.0035059
1.6	2.1	16	20	0.927864	0.00360003	 0.00371573
2.1	2.4	16	20	0.908354	0.00562633	 0.00580419
-2.4	-2.1	20	25	0.909903	0.00362634	 0.00331882
-2.1	-1.6	20	25	0.917803	0.00245805	 0.00245816
-1.6	-1.2	20	25	0.946672	0.00215632	 0.00218826
-1.2	-0.8	20	25	0.938896	0.00223136	 0.00224825
-0.8	-0.3	20	25	0.94377	0.00180127	 0.00182248
-0.3	-0.2	20	25	0.809765	0.00817335	 0.00826294
-0.2	0.2	20	25	0.92458	0.0024279	 0.00243984
0.2	0.3	20	25	0.838274	0.00693434	 0.0070619
0.3	0.8	20	25	0.945121	0.00194534	 0.0018823
0.8	1.2	20	25	0.933792	0.00234867	 0.00233324
1.2	1.6	20	25	0.939564	0.00239459	 0.00244192
1.6	2.1	20	25	0.927351	0.00239459	 0.00244192
2.1	2.4	20	25	0.913182	0.00348102	 0.0034706
-2.4	-2.1	25	30	0.91417	0.00293416	 0.00268532
-2.1	-1.6	25	30	0.917894	0.00235723	 0.00199493
-1.6	-1.2	25	30	0.945528	0.00164261	 0.00164461
-1.2	-0.8	25	30	0.941165	0.00159193	 0.00162295
-0.8	-0.3	25	30	0.943186	0.0013535	 0.00134334
-0.3	-0.2	25	30	0.808531	0.00522654	 0.00520984
-0.2	0.2	25	30	0.932495	0.0015187	 0.00151764
0.2	0.3	25	30	0.845697	0.00475814	 0.00483797
0.3	0.8	25	30	0.948078	0.0012997	 0.00128482
0.8	1.2	25	30	0.937373	0.00174903	 0.00174162
1.2	1.6	25	30	0.939641	0.00169921	 0.00170537
1.6	2.1	25	30	0.927495	0.00192905	 0.00189023
2.1	2.4	25	30	0.922596	0.00280192	 0.00286331
-2.4	-2.1	30	40	0.923917	0.00145278	 0.00145265
-2.1	-1.6	30	40	0.919976	0.00104117	 0.00101763
-1.6	-1.2	30	40	0.943103	0.00088563	 0.00088751
-1.2	-0.8	30	40	0.942163	0.000808444	 0.000809213
-0.8	-0.3	30	40	0.94008	0.000661805	 0.000660307
-0.3	-0.2	30	40	0.804682	0.00256621	 0.00255899
-0.2	0.2	30	40	0.929886	0.000775404	 0.00077897
0.2	0.3	30	40	0.836536	0.00237833	 0.00233661
0.3	0.8	30	40	0.946864	0.000627458	 0.000631224
0.8	1.2	30	40	0.937698	0.000843527	 0.000843784
1.2	1.6	30	40	0.938701	0.000927107	 0.000915393
1.6	2.1	30	40	0.925476	0.00099203	 0.000996604
2.1	2.4	30	40	0.920589	0.00150789	 0.00149468
-2.4	-2.1	40	60	0.925174	0.00127086	 0.00127592
-2.1	-1.6	40	60	0.91915	0.000807392	 0.000810111
-1.6	-1.2	40	60	0.935615	0.000682343	 0.000681195
-1.2	-0.8	40	60	0.940712	0.00064302	 0.00063297
-0.8	-0.3	40	60	0.943077	0.000533466	 0.000533512
-0.3	-0.2	40	60	0.804639	0.00214481	 0.00212618
-0.2	0.2	40	60	0.930304	0.000672745	 0.000662754
0.2	0.3	40	60	0.837271	0.00204348	 0.00203511
0.3	0.8	40	60	0.946268	0.000519888	 0.000518151
0.8	1.2	40	60	0.93853	0.000632299	 0.000632777
1.2	1.6	40	60	0.935898	0.00069779	 0.000688892
1.6	2.1	40	60	0.925493	0.000767281	 0.000769356
2.1	2.4	40	60	0.920136	0.00129575	 0.0013019
-2.4	-2.1	60	100	0.922581	0.0044825	 0.00455628
-2.1	-1.6	60	100	0.916748	0.00255853	 0.00257344
-1.6	-1.2	60	100	0.903356	0.00262007	 0.00264204
-1.2	-0.8	60	100	0.940376	0.00190874	 0.00194126
-0.8	-0.3	60	100	0.940668	0.00175288	 0.00175813
-0.3	-0.2	60	100	0.79792	0.00747945	 0.00759029
-0.2	0.2	60	100	0.932691	0.00214118	 0.00216382
0.2	0.3	60	100	0.831245	0.00623979	 0.00631569
0.3	0.8	60	100	0.943336	0.00166562	 0.00167497
0.8	1.2	60	100	0.940003	0.00193598	 0.00195731
1.2	1.6	60	100	0.916812	0.0025682	 0.00257134
1.6	2.1	60	100	0.921574	0.00254541	 0.00257713
2.1	2.4	60	100	0.91526	0.00454096	 0.00463093
-2.4	-2.1	100	200	0.89725	0.0209278	 0.0215771
-2.1	-1.6	100	200	0.886657	0.0098441	 0.0101979
-1.6	-1.2	100	200	0.809076	0.0110893	 0.0113171
-1.2	-0.8	100	200	0.941382	0.00580645	 0.00605971
-0.8	-0.3	100	200	0.929775	0.00531089	 0.0053178
-0.3	-0.2	100	200	0.799561	0.0191267	 0.0199343
-0.2	0.2	100	200	0.928216	0.00597462	 0.00606563
0.2	0.3	100	200	0.806423	0.0203166	 0.0212324
0.3	0.8	100	200	0.947733	0.00502152	 0.00524056
0.8	1.2	100	200	0.922696	0.00638541	 0.00667223
1.2	1.6	100	200	0.839984	0.0100139	 0.0102401
1.6	2.1	100	200	0.886082	0.0105236	 0.0101392
2.1	2.4	100	200	0.905629	0.0179827	 0.0188645
