etamin	etamax	ptmin	ptmax	eff	deff_high	deff_low
-2.4	-2.1	10	13	0.801033	0.00995584	 0.0100152
-2.1	-1.6	10	13	0.778777	0.00819779	 0.00816027
-1.6	-1.2	10	13	0.753605	0.00942142	 0.00958633
-1.2	-0.8	10	13	0.697747	0.0101291	 0.0100919
-0.8	-0.3	10	13	0.676475	0.0121127	 0.0120022
-0.3	-0.2	10	13	0.631643	0.0345703	 0.0325189
-0.2	0.2	10	13	0.635187	0.018647	 0.0191273
0.2	0.3	10	13	0.672046	0.0334471	 0.0343856
0.3	0.8	10	13	0.668444	0.0121374	 0.011988
0.8	1.2	10	13	0.706071	0.0110144	 0.0109148
1.2	1.6	10	13	0.730497	0.00873608	 0.00883091
1.6	2.1	10	13	0.794683	0.00791727	 0.007987
2.1	2.4	10	13	0.79585	0.00992932	 0.00996512
-2.4	-2.1	13	16	0.847573	0.00811043	 0.00812449
-2.1	-1.6	13	16	0.833392	0.0062552	 0.0065257
-1.6	-1.2	13	16	0.805886	0.00721899	 0.00732078
-1.2	-0.8	13	16	0.760545	0.00760682	 0.00768763
-0.8	-0.3	13	16	0.73113	0.00789774	 0.00785375
-0.3	-0.2	13	16	0.693287	0.0201596	 0.0193112
-0.2	0.2	13	16	0.662277	0.0108664	 0.0109521
0.2	0.3	13	16	0.670679	0.0216171	 0.0217731
0.3	0.8	13	16	0.726278	0.0076268	 0.00759221
0.8	1.2	13	16	0.738445	0.00763571	 0.00755236
1.2	1.6	13	16	0.791396	0.00706118	 0.00708116
1.6	2.1	13	16	0.83089	0.00608019	 0.00604078
2.1	2.4	13	16	0.847831	0.00810762	 0.00856266
-2.4	-2.1	16	20	0.886738	0.00517298	 0.00544942
-2.1	-1.6	16	20	0.877727	0.00401699	 0.00487522
-1.6	-1.2	16	20	0.852377	0.0042922	 0.00425313
-1.2	-0.8	16	20	0.808557	0.0048203	 0.00484739
-0.8	-0.3	16	20	0.790541	0.00434839	 0.00436394
-0.3	-0.2	16	20	0.748054	0.0129168	 0.0116295
-0.2	0.2	16	20	0.750103	0.00580274	 0.00583427
0.2	0.3	16	20	0.74763	0.0115372	 0.0116488
0.3	0.8	16	20	0.792597	0.00448549	 0.00446698
0.8	1.2	16	20	0.809673	0.00500761	 0.00496463
1.2	1.6	16	20	0.847877	0.00462685	 0.00467691
1.6	2.1	16	20	0.872128	0.00383769	 0.00386374
2.1	2.4	16	20	0.875675	0.00482306	 0.00478385
-2.4	-2.1	20	25	0.92042	0.00297086	 0.00300024
-2.1	-1.6	20	25	0.911044	0.0022392	 0.00225273
-1.6	-1.2	20	25	0.889965	0.00272773	 0.00274246
-1.2	-0.8	20	25	0.862026	0.00285654	 0.00287968
-0.8	-0.3	20	25	0.854334	0.0024555	 0.00245801
-0.3	-0.2	20	25	0.841382	0.00563507	 0.00570808
-0.2	0.2	20	25	0.834129	0.00273733	 0.0027528
0.2	0.3	20	25	0.847469	0.00578153	 0.00582786
0.3	0.8	20	25	0.848549	0.00243678	 0.00244963
0.8	1.2	20	25	0.863856	0.00284784	 0.00284979
1.2	1.6	20	25	0.888827	0.00274417	 0.00275133
1.6	2.1	20	25	0.910813	0.00223439	 0.00225604
2.1	2.4	20	25	0.912829	0.0030302	 0.00306293
-2.4	-2.1	25	30	0.946701	0.00200226	 0.00200938
-2.1	-1.6	25	30	0.937632	0.00155194	 0.00156623
-1.6	-1.2	25	30	0.920818	0.00191108	 0.0019092
-1.2	-0.8	25	30	0.904023	0.00196186	 0.00196532
-0.8	-0.3	25	30	0.894464	0.00159963	 0.00160443
-0.3	-0.2	25	30	0.887433	0.00339203	 0.00343267
-0.2	0.2	25	30	0.893524	0.00159385	 0.00159916
0.2	0.3	25	30	0.892813	0.00351769	 0.00357671
0.3	0.8	25	30	0.895508	0.00159844	 0.00160437
0.8	1.2	25	30	0.902321	0.00197308	 0.00199467
1.2	1.6	25	30	0.920089	0.00188931	 0.00189986
1.6	2.1	25	30	0.936075	0.00164448	 0.00165895
2.1	2.4	25	30	0.947426	0.00204007	 0.00206404
-2.4	-2.1	30	40	0.968794	0.000905157	 0.000909027
-2.1	-1.6	30	40	0.965498	0.000665542	 0.000674573
-1.6	-1.2	30	40	0.956634	0.000774491	 0.000780008
-1.2	-0.8	30	40	0.947156	0.000745099	 0.000752035
-0.8	-0.3	30	40	0.943617	0.000621001	 0.000622335
-0.3	-0.2	30	40	0.939929	0.00145128	 0.00146376
-0.2	0.2	30	40	0.93992	0.000690894	 0.000685752
0.2	0.3	30	40	0.94272	0.00145196	 0.00146988
0.3	0.8	30	40	0.943596	0.000622359	 0.000621933
0.8	1.2	30	40	0.947171	0.000749455	 0.000750594
1.2	1.6	30	40	0.957174	0.000764033	 0.000772201
1.6	2.1	30	40	0.965465	0.000668796	 0.000673215
2.1	2.4	30	40	0.970175	0.000874178	 0.000883287
-2.4	-2.1	40	60	0.988745	0.000435465	 0.000446666
-2.1	-1.6	40	60	0.988412	0.000287374	 0.000291277
-1.6	-1.2	40	60	0.984759	0.000328829	 0.000331148
-1.2	-0.8	40	60	0.980665	0.0003562	 0.00035867
-0.8	-0.3	40	60	0.978072	0.000329596	 0.000330737
-0.3	-0.2	40	60	0.974595	0.000800541	 0.000813074
-0.2	0.2	40	60	0.975139	0.00038688	 0.000389561
0.2	0.3	40	60	0.974957	0.000807895	 0.00082243
0.3	0.8	40	60	0.977416	0.00036237	 0.000364517
0.8	1.2	40	60	0.979866	0.00036237	 0.000364517
1.2	1.6	40	60	0.984541	0.000329944	 0.000331906
1.6	2.1	40	60	0.98876	0.000284275	 0.000287038
2.1	2.4	40	60	0.98948	0.000415024	 0.000421052
-2.4	-2.1	60	100	0.994614	0.00103184	 0.00111095
-2.1	-1.6	60	100	0.992858	0.000764395	 0.00080543
-1.6	-1.2	60	100	0.991095	0.000826628	 0.000863366
-1.2	-0.8	60	100	0.989027	0.00089295	 0.000938257
-0.8	-0.3	60	100	0.988235	0.000786799	 0.000815786
-0.3	-0.2	60	100	0.98741	0.00391127	 0.00204697
-0.2	0.2	60	100	0.986453	0.000928357	 0.000968718
0.2	0.3	60	100	0.98619	0.00206186	 0.00222623
0.3	0.8	60	100	0.987923	0.000809181	 0.0008378
0.8	1.2	60	100	0.990446	0.000857534	 0.00089866
1.2	1.6	60	100	0.993515	0.000792349	 0.000792349
1.6	2.1	60	100	0.992862	0.000765596	 0.000806243
2.1	2.4	60	100	0.99226	0.00117724	 0.00125074
-2.4	-2.1	100	200	0.999708	0.00029191	 0.00455457
-2.1	-1.6	100	200	0.989386	0.002554	 0.00284569
-1.6	-1.2	100	200	0.993163	0.00245452	 0.00274615
-1.2	-0.8	100	200	0.993555	0.00273131	 0.00308288
-0.8	-0.3	100	200	0.992948	0.00216161	 0.00243286
-0.3	-0.2	100	200	1	0.00287553	 0.00287553
-0.2	0.2	100	200	0.982746	0.00308891	 0.00334359
0.2	0.3	100	200	0.987125	0.0044825	 0.00582832
0.3	0.8	100	200	0.993198	0.00189583	 0.00215648
0.8	1.2	100	200	0.992537	0.00229521	 0.0026398
1.2	1.6	100	200	0.990283	0.00233066	 0.00267274
1.6	2.1	100	200	0.992646	0.00196768	 0.00231691
2.1	2.4	100	200	0.984682	0.00423618	 0.00518443
