etamin	etamax	ptmin	ptmax	eff	deff_high	deff_low
-2.4	-2.1	10	20	0	0	 0
-2.1	-1.6	10	20	0	0	 0
-1.6	-1.2	10	20	0	0	 0
-1.2	-0.8	10	20	0	0	 0
-0.8	-0.3	10	20	0	0	 0
-0.3	-0.2	10	20	0	0	 0
-0.2	0.2	10	20	0	0	 0
0.2	0.3	10	20	0	0	 0
0.3	0.8	10	20	0	0	 0
0.8	1.2	10	20	0	0	 0
1.2	1.6	10	20	0	0	 0
1.6	2.1	10	20	0	0	 0
2.1	2.4	10	20	0	0	 0
-2.4	-2.1	20	21	0	0	 0
-2.1	-1.6	20	21	0	0	 0
-1.6	-1.2	20	21	0	0	 0
-1.2	-0.8	20	21	0	0	 0
-0.8	-0.3	20	21	0	0	 0
-0.3	-0.2	20	21	0	0	 0
-0.2	0.2	20	21	0	0	 0
0.2	0.3	20	21	0	0	 0
0.3	0.8	20	21	0	0	 0
0.8	1.2	20	21	0	0	 0
1.2	1.6	20	21	0	0	 0
1.6	2.1	20	21	0	0	 0
2.1	2.4	20	21	0	0	 0
-2.4	-2.1	21	22	0	0	 0
-2.1	-1.6	21	22	0	0	 0
-1.6	-1.2	21	22	0	0	 0
-1.2	-0.8	21	22	0	0	 0
-0.8	-0.3	21	22	0	0	 0
-0.3	-0.2	21	22	0	0	 0
-0.2	0.2	21	22	0	0	 0
0.2	0.3	21	22	0	0	 0
0.3	0.8	21	22	0	0	 0
0.8	1.2	21	22	0	0	 0
1.2	1.6	21	22	0	0	 0
1.6	2.1	21	22	0	0	 0
2.1	2.4	21	22	0.0202566	0.00428924	 0.00755022
-2.4	-2.1	22	23	0.0359517	0.00514729	 0.00475784
-2.1	-1.6	22	23	0.021206	0.00300469	 0.00284872
-1.6	-1.2	22	23	0.0111858	0.00285501	 0.00257966
-1.2	-0.8	22	23	0	0	 0
-0.8	-0.3	22	23	0	0	 0
-0.3	-0.2	22	23	0	0	 0
-0.2	0.2	22	23	0	0	 0
0.2	0.3	22	23	0	0	 0
0.3	0.8	22	23	0	0	 0
0.8	1.2	22	23	0	0	 0
1.2	1.6	22	23	0.0144011	0.00245492	 0.00222232
1.6	2.1	22	23	0.0214649	0.0032806	 0.00301331
2.1	2.4	22	23	0.0346263	0.00497278	 0.00455735
-2.4	-2.1	23	24	0.147419	0.00998994	 0.00980016
-2.1	-1.6	23	24	0.125859	0.00600173	 0.00577221
-1.6	-1.2	23	24	0.0778955	0.00604016	 0.00583859
-1.2	-0.8	23	24	0.0763373	0.00509707	 0.00486613
-0.8	-0.3	23	24	0.0644694	0.00425446	 0.00412142
-0.3	-0.2	23	24	0.0666546	0.010048	 0.00958058
-0.2	0.2	23	24	0.0725502	0.00489376	 0.00470911
0.2	0.3	23	24	0.0601269	0.00973513	 0.00887705
0.3	0.8	23	24	0.0810882	0.00488503	 0.00481311
0.8	1.2	23	24	0.0779514	0.00509115	 0.00488413
1.2	1.6	23	24	0.0892376	0.0058469	 0.00571353
1.6	2.1	23	24	0.127541	0.00597532	 0.0058215
2.1	2.4	23	24	0.157823	0.00897569	 0.00874849
-2.4	-2.1	24	25	0.626836	0.0121023	 0.0119338
-2.1	-1.6	24	25	0.695309	0.00818264	 0.0082271
-1.6	-1.2	24	25	0.779271	0.00754611	 0.00758721
-1.2	-0.8	24	25	0.801034	0.00773352	 0.00793781
-0.8	-0.3	24	25	0.865929	0.0054911	 0.00556092
-0.3	-0.2	24	25	0.714715	0.0174581	 0.017771
-0.2	0.2	24	25	0.825273	0.00651512	 0.00662295
0.2	0.3	24	25	0.751756	0.0161647	 0.0163767
0.3	0.8	24	25	0.860298	0.00577251	 0.00587848
0.8	1.2	24	25	0.786133	0.00772673	 0.00777677
1.2	1.6	24	25	0.77183	0.00786506	 0.00797895
1.6	2.1	24	25	0.73525	0.00827124	 0.00828824
2.1	2.4	24	25	0.61772	0.0115337	 0.011721
-2.4	-2.1	25	26	0.698147	0.0116618	 0.0115528
-2.1	-1.6	25	26	0.767466	0.00731828	 0.00737359
-1.6	-1.2	25	26	0.831132	0.00653784	 0.00663821
-1.2	-0.8	25	26	0.850324	0.00632385	 0.00635993
-0.8	-0.3	25	26	0.900638	0.00473175	 0.00481778
-0.3	-0.2	25	26	0.763773	0.0148239	 0.0148292
-0.2	0.2	25	26	0.890317	0.00506859	 0.00515852
0.2	0.3	25	26	0.779349	0.0148403	 0.0151455
0.3	0.8	25	26	0.903849	0.0044683	 0.00454819
0.8	1.2	25	26	0.85022	0.00603568	 0.00614997
1.2	1.6	25	26	0.827219	0.00697018	 0.00708426
1.6	2.1	25	26	0.784116	0.00691056	 0.00689215
2.1	2.4	25	26	0.674553	0.011734	 0.0118122
-2.4	-2.1	26	30	0.739499	0.00490554	 0.00488379
-2.1	-1.6	26	30	0.792851	0.00334049	 0.00325996
-1.6	-1.2	26	30	0.858894	0.00277189	 0.0028022
-1.2	-0.8	26	30	0.892694	0.0024756	 0.00249594
-0.8	-0.3	26	30	0.924927	0.0017444	 0.00176358
-0.3	-0.2	26	30	0.786183	0.00594961	 0.00597438
-0.2	0.2	26	30	0.915075	0.00189358	 0.00190903
0.2	0.3	26	30	0.821939	0.00548933	 0.00558516
0.3	0.8	26	30	0.927867	0.00171045	 0.00172224
0.8	1.2	26	30	0.888385	0.00252069	 0.00255925
1.2	1.6	26	30	0.862258	0.00294946	 0.00296692
1.6	2.1	26	30	0.824373	0.00300797	 0.00301873
2.1	2.4	26	30	0.734786	0.00511407	 0.00515869
-2.4	-2.1	30	40	0.800677	0.0022195	 0.00222114
-2.1	-1.6	30	40	0.83273	0.00142267	 0.00142716
-1.6	-1.2	30	40	0.895225	0.001204	 0.00120348
-1.2	-0.8	30	40	0.921941	0.000969036	 0.000967657
-0.8	-0.3	30	40	0.938663	0.00069868	 0.000696385
-0.3	-0.2	30	40	0.808258	0.00258673	 0.00258878
-0.2	0.2	30	40	0.933449	0.000790868	 0.000785486
0.2	0.3	30	40	0.840451	0.00238524	 0.00238925
0.3	0.8	30	40	0.945525	0.000673354	 0.000670572
0.8	1.2	30	40	0.91854	0.000988133	 0.000983682
1.2	1.6	30	40	0.892836	0.00121417	 0.00120648
1.6	2.1	30	40	0.848122	0.00138973	 0.00139042
2.1	2.4	30	40	0.779261	0.00229542	 0.00227893
-2.4	-2.1	40	60	0.828953	0.00183749	 0.00184695
-2.1	-1.6	40	60	0.844415	0.00107813	 0.00107468
-1.6	-1.2	40	60	0.914797	0.00076141	 0.000761423
-1.2	-0.8	40	60	0.933001	0.000698775	 0.000698602
-0.8	-0.3	40	60	0.947636	0.000539631	 0.000541802
-0.3	-0.2	40	60	0.811895	0.00213774	 0.00205649
-0.2	0.2	40	60	0.941881	0.000630391	 0.00063579
0.2	0.3	40	60	0.849022	0.0018994	 0.0019325
0.3	0.8	40	60	0.950156	0.000518922	 0.000521472
0.8	1.2	40	60	0.930099	0.000697227	 0.000698358
1.2	1.6	40	60	0.90696	0.000840168	 0.000833975
1.6	2.1	40	60	0.861363	0.00103179	 0.00102945
2.1	2.4	40	60	0.805743	0.00191738	 0.00191629
-2.4	-2.1	60	100	0.834003	0.00606561	 0.00611439
-2.1	-1.6	60	100	0.845858	0.00360556	 0.00345872
-1.6	-1.2	60	100	0.911596	0.00257987	 0.0025961
-1.2	-0.8	60	100	0.933926	0.00214592	 0.00215182
-0.8	-0.3	60	100	0.947421	0.00164197	 0.00161551
-0.3	-0.2	60	100	0.808811	0.00661716	 0.00675749
-0.2	0.2	60	100	0.948569	0.00193471	 0.00197427
0.2	0.3	60	100	0.847129	0.00164306	 0.00165448
0.3	0.8	60	100	0.951487	0.00164306	 0.00165448
0.8	1.2	60	100	0.93488	0.00242586	 0.00219825
1.2	1.6	60	100	0.918247	0.00267808	 0.0027844
1.6	2.1	60	100	0.864627	0.00332623	 0.00336553
2.1	2.4	60	100	0.801339	0.00640563	 0.00632858
-2.4	-2.1	100	200	0.831541	0.0247249	 0.0252886
-2.1	-1.6	100	200	0.826114	0.0136849	 0.014898
-1.6	-1.2	100	200	0.88482	0.0091798	 0.00948477
-1.2	-0.8	100	200	0.933841	0.0069455	 0.00854196
-0.8	-0.3	100	200	0.942084	0.00691927	 0.00985711
-0.3	-0.2	100	200	0.815233	0.0185704	 0.0194935
-0.2	0.2	100	200	0.946984	0.00510217	 0.00536268
0.2	0.3	100	200	0.823756	0.0199218	 0.0208873
0.3	0.8	100	200	0.955823	0.00450275	 0.00473613
0.8	1.2	100	200	0.908489	0.00672086	 0.00699225
1.2	1.6	100	200	0.872217	0.00882997	 0.00905023
1.6	2.1	100	200	0.82969	0.011075	 0.0113568
2.1	2.4	100	200	0.790228	0.022932	 0.0236332
