etamin	etamax	ptmin	ptmax	eff	deff_high	deff_low
-2.4	-2.1	10	13	0.96106	0.00677777	 0.00707066
-2.1	-1.6	10	13	0.985486	0.00346062	 0.00367732
-1.6	-1.2	10	13	0.984564	0.0034976	 0.00375567
-1.2	-0.8	10	13	0.963036	0.00498348	 0.00523292
-0.8	-0.3	10	13	0.98158	0.00449796	 0.00485705
-0.3	-0.2	10	13	0.880436	0.0219321	 0.0236119
-0.2	0.2	10	13	0.965416	0.00821547	 0.0089435
0.2	0.3	10	13	0.887515	0.0268529	 0.0283449
0.3	0.8	10	13	0.976916	0.0051522	 0.00552043
0.8	1.2	10	13	0.967608	0.00496428	 0.00522753
1.2	1.6	10	13	0.981383	0.00371986	 0.00395429
1.6	2.1	10	13	0.972941	0.00405854	 0.00426967
2.1	2.4	10	13	0.95613	0.00644368	 0.0067429
-2.4	-2.1	13	16	0.955116	0.00484674	 0.00506556
-2.1	-1.6	13	16	0.986293	0.00241269	 0.00256027
-1.6	-1.2	13	16	0.9857	0.00243692	 0.00259732
-1.2	-0.8	13	16	0.960936	0.00343247	 0.00359456
-0.8	-0.3	13	16	0.981432	0.00272561	 0.00287986
-0.3	-0.2	13	16	0.907232	0.0117779	 0.01234
-0.2	0.2	13	16	0.966072	0.00481438	 0.00505549
0.2	0.3	13	16	0.876251	0.0135329	 0.0141172
0.3	0.8	13	16	0.97808	0.00292042	 0.00308425
0.8	1.2	13	16	0.966281	0.00339419	 0.00352138
1.2	1.6	13	16	0.992621	0.00224619	 0.00242529
1.6	2.1	13	16	0.98439	0.00259008	 0.00274396
2.1	2.4	13	16	0.958458	0.00523434	 0.00547393
-2.4	-2.1	16	20	0.958717	0.00323168	 0.00332099
-2.1	-1.6	16	20	0.987478	0.00143457	 0.00151267
-1.6	-1.2	16	20	0.990166	0.00144153	 0.00152041
-1.2	-0.8	16	20	0.970432	0.00212425	 0.00218353
-0.8	-0.3	16	20	0.984482	0.00137613	 0.00142995
-0.3	-0.2	16	20	0.889962	0.00741722	 0.00754786
-0.2	0.2	16	20	0.970736	0.00216624	 0.00216624
0.2	0.3	16	20	0.891037	0.00829562	 0.008621
0.3	0.8	16	20	0.983258	0.00151847	 0.00157934
0.8	1.2	16	20	0.96612	0.00216753	 0.00224711
1.2	1.6	16	20	0.989737	0.0014154	 0.00150723
1.6	2.1	16	20	0.985881	0.00155297	 0.00162722
2.1	2.4	16	20	0.960393	0.0030996	 0.00321536
-2.4	-2.1	20	25	0.959605	0.00213749	 0.00219292
-2.1	-1.6	20	25	0.986568	0.000931603	 0.000960701
-1.6	-1.2	20	25	0.990383	0.000895017	 0.000932373
-1.2	-0.8	20	25	0.971679	0.0014281	 0.00152306
-0.8	-0.3	20	25	0.98597	0.000826579	 0.000842032
-0.3	-0.2	20	25	0.895976	0.0044438	 0.00436959
-0.2	0.2	20	25	0.97529	0.00119422	 0.00122681
0.2	0.3	20	25	0.886687	0.00442187	 0.00449485
0.3	0.8	20	25	0.984977	0.000836403	 0.000863452
0.8	1.2	20	25	0.972273	0.00135613	 0.00140864
1.2	1.6	20	25	0.989947	0.000930612	 0.000971333
1.6	2.1	20	25	0.986093	0.000947281	 0.000977231
2.1	2.4	20	25	0.961894	0.00204587	 0.00209189
-2.4	-2.1	25	30	0.957895	0.00174047	 0.0017693
-2.1	-1.6	25	30	0.987479	0.000700112	 0.00072008
-1.6	-1.2	25	30	0.993429	0.000609172	 0.000631707
-1.2	-0.8	25	30	0.97455	0.00113188	 0.00152782
-0.8	-0.3	25	30	0.986848	0.000585193	 0.000597539
-0.3	-0.2	25	30	0.906085	0.00292274	 0.00292404
-0.2	0.2	25	30	0.977587	0.00127021	 0.000824912
0.2	0.3	25	30	0.890335	0.00297715	 0.00303852
0.3	0.8	25	30	0.986682	0.000640992	 0.00122393
0.8	1.2	25	30	0.972035	0.00104875	 0.00106321
1.2	1.6	25	30	0.991466	0.000670822	 0.000693631
1.6	2.1	25	30	0.987738	0.000696931	 0.000717577
2.1	2.4	25	30	0.962848	0.00161633	 0.00164673
-2.4	-2.1	30	40	0.960525	0.000947772	 0.000953834
-2.1	-1.6	30	40	0.987369	0.000388674	 0.00038937
-1.6	-1.2	30	40	0.992513	0.000319072	 0.00032483
-1.2	-0.8	30	40	0.973507	0.000497965	 0.000498719
-0.8	-0.3	30	40	0.988464	0.000272152	 0.000276184
-0.3	-0.2	30	40	0.90011	0.00156507	 0.00156104
-0.2	0.2	30	40	0.97911	0.000394832	 0.00039395
0.2	0.3	30	40	0.896067	0.00151009	 0.00152312
0.3	0.8	30	40	0.987582	0.000292488	 0.000297333
0.8	1.2	30	40	0.972924	0.000486433	 0.0004884
1.2	1.6	30	40	0.991845	0.000325673	 0.000334312
1.6	2.1	30	40	0.987676	0.000377217	 0.000383143
2.1	2.4	30	40	0.963874	0.00089866	 0.000897452
-2.4	-2.1	40	60	0.964267	0.000728767	 0.000735333
-2.1	-1.6	40	60	0.986522	0.000293429	 0.000293408
-1.6	-1.2	40	60	0.993535	0.000212138	 0.0002157
-1.2	-0.8	40	60	0.975475	0.000377406	 0.000379015
-0.8	-0.3	40	60	0.989679	0.000213302	 0.000215722
-0.3	-0.2	40	60	0.899617	0.00134714	 0.00135044
-0.2	0.2	40	60	0.979499	0.000330593	 0.000330152
0.2	0.3	40	60	0.893265	0.00140959	 0.00140955
0.3	0.8	40	60	0.988543	0.000226907	 0.000229464
0.8	1.2	40	60	0.975223	0.000378338	 0.0003799
1.2	1.6	40	60	0.992593	0.00022626	 0.000230144
1.6	2.1	40	60	0.986432	0.000294564	 0.000297817
2.1	2.4	40	60	0.965779	0.000705598	 0.000712428
-2.4	-2.1	60	100	0.965436	0.00259011	 0.00266712
-2.1	-1.6	60	100	0.98556	0.00103892	 0.00107664
-1.6	-1.2	60	100	0.994115	0.000704351	 0.000745156
-1.2	-0.8	60	100	0.976151	0.00123213	 0.00126334
-0.8	-0.3	60	100	0.987917	0.000706975	 0.000724131
-0.3	-0.2	60	100	0.899711	0.00466271	 0.00475288
-0.2	0.2	60	100	0.98226	0.00103519	 0.00105724
0.2	0.3	60	100	0.894132	0.00488801	 0.00479275
0.3	0.8	60	100	0.988073	0.000734903	 0.000757906
0.8	1.2	60	100	0.974447	0.00123512	 0.00125941
1.2	1.6	60	100	0.993194	0.0007286	 0.000755684
1.6	2.1	60	100	0.984443	0.0010738	 0.00111447
2.1	2.4	60	100	0.968689	0.00239406	 0.00245438
-2.4	-2.1	100	200	0.949586	0.0227659	 0.00868389
-2.1	-1.6	100	200	0.981688	0.00361314	 0.00397781
-1.6	-1.2	100	200	0.996518	0.00158966	 0.00210288
-1.2	-0.8	100	200	0.963863	0.00395195	 0.00425161
-0.8	-0.3	100	200	0.986553	0.0020818	 0.00232589
-0.3	-0.2	100	200	0.864997	0.0137133	 0.0141158
-0.2	0.2	100	200	0.980876	0.00328279	 0.00362453
0.2	0.3	100	200	0.901001	0.0130324	 0.0140765
0.3	0.8	100	200	0.988428	0.00229749	 0.00253576
0.8	1.2	100	200	0.965469	0.00380995	 0.00410576
1.2	1.6	100	200	0.990596	0.0019972	 0.00233406
1.6	2.1	100	200	0.986663	0.00344134	 0.00385014
2.1	2.4	100	200	0.942558	0.00853567	 0.00935209
