etamin	etamax	ptmin	ptmax	eff	deff_high	deff_low
-2.4	-2.1	10	15	0	0	 0
-2.1	-1.6	10	15	0	0	 0
-1.6	-1.2	10	15	0	0	 0
-1.2	-0.8	10	15	0	0	 0
-0.8	-0.3	10	15	0	0	 0
-0.3	-0.2	10	15	0	0	 0
-0.2	0.2	10	15	0	0	 0
0.2	0.3	10	15	0	0	 0
0.3	0.8	10	15	0	0	 0
0.8	1.2	10	15	0	0	 0
1.2	1.6	10	15	0	0	 0
1.6	2.1	10	15	0	0	 0
2.1	2.4	10	15	0	0	 0
-2.4	-2.1	15	16	0.048525	0.0419064	 0.0265966
-2.1	-1.6	15	16	0.0107232	0.0143317	 0.00748456
-1.6	-1.2	15	16	0	0	 0
-1.2	-0.8	15	16	0	0	 0
-0.8	-0.3	15	16	0	0	 0
-0.3	-0.2	15	16	0	0	 0
-0.2	0.2	15	16	0	0	 0
0.2	0.3	15	16	0	0	 0
0.3	0.8	15	16	0	0	 0
0.8	1.2	15	16	0	0	 0
1.2	1.6	15	16	0	0	 0
1.6	2.1	15	16	0	0	 0
2.1	2.4	15	16	0.0344846	0.02945	 0.01886
-2.4	-2.1	16	17	0.115835	0.0455253	 0.0371594
-2.1	-1.6	16	17	0.0653836	0.0233385	 0.024659
-1.6	-1.2	16	17	0.0540142	0.0287015	 0.0288191
-1.2	-0.8	16	17	0.0328401	0.0221192	 0.0153722
-0.8	-0.3	16	17	0.049382	0.0278297	 0.0204557
-0.3	-0.2	16	17	0	0	 0
-0.2	0.2	16	17	0.0409294	0.034793	 0.0348463
0.2	0.3	16	17	0	0	 0
0.3	0.8	16	17	0.0224341	0.0198803	 0.0123191
0.8	1.2	16	17	0.0768184	0.0308261	 0.0250131
1.2	1.6	16	17	0.0497801	0.022345	 0.0173735
1.6	2.1	16	17	0.0677997	0.0256364	 0.02076
2.1	2.4	16	17	0.136241	0.0513582	 0.0417225
-2.4	-2.1	17	18	0.675249	0.0538291	 0.0570987
-2.1	-1.6	17	18	0.746844	0.0378905	 0.0402129
-1.6	-1.2	17	18	0.866089	0.036006	 0.0407416
-1.2	-0.8	17	18	0.897409	0.027109	 0.0323963
-0.8	-0.3	17	18	0.893376	0.0373545	 0.04252
-0.3	-0.2	17	18	0.877762	0.0630255	 0.0818321
-0.2	0.2	17	18	0.899224	0.0330144	 0.0423843
0.2	0.3	17	18	0.698371	0.125764	 0.139495
0.3	0.8	17	18	0.882354	0.0273751	 0.0316532
0.8	1.2	17	18	0.860103	0.0325702	 0.037764
1.2	1.6	17	18	0.819673	0.0330127	 0.0365028
1.6	2.1	17	18	0.743741	0.0449912	 0.0473342
2.1	2.4	17	18	0.514479	0.0658444	 0.068056
-2.4	-2.1	18	19	0.757762	0.0449385	 0.0489399
-2.1	-1.6	18	19	0.865937	0.0248088	 0.0278071
-1.6	-1.2	18	19	0.898519	0.0238039	 0.0275808
-1.2	-0.8	18	19	0.958045	0.018639	 0.0241643
-0.8	-0.3	18	19	0.970597	0.016871	 0.020764
-0.3	-0.2	18	19	0.800547	0.0889829	 0.118697
-0.2	0.2	18	19	0.97486	0.0137797	 0.0216703
0.2	0.3	18	19	0.882381	0.0630164	 0.0924313
0.3	0.8	18	19	0.959791	0.0167232	 0.0216327
0.8	1.2	18	19	0.878398	0.0295135	 0.0339841
1.2	1.6	18	19	0.951346	0.0170259	 0.0219582
1.6	2.1	18	19	0.857189	0.0292333	 0.0317312
2.1	2.4	18	19	0.738648	0.0558816	 0.0524992
-2.4	-2.1	19	20	0.802198	0.0394737	 0.0438955
-2.1	-1.6	19	20	0.891575	0.0233652	 0.025944
-1.6	-1.2	19	20	0.96842	0.0132003	 0.0170559
-1.2	-0.8	19	20	0.973541	0.0124129	 0.0179788
-0.8	-0.3	19	20	0.91464	0.0201329	 0.0235116
-0.3	-0.2	19	20	0.844792	0.0697867	 0.0831279
-0.2	0.2	19	20	0.907536	0.0253871	 0.0317606
0.2	0.3	19	20	0.688448	0.104896	 0.11991
0.3	0.8	19	20	0.959144	0.0127149	 0.0162552
0.8	1.2	19	20	0.927887	0.0249314	 0.0255316
1.2	1.6	19	20	0.92868	0.0191129	 0.0229963
1.6	2.1	19	20	0.878737	0.0307918	 0.0355308
2.1	2.4	19	20	0.778908	0.0446923	 0.0501033
-2.4	-2.1	20	25	0.820787	0.0162729	 0.0167302
-2.1	-1.6	20	25	0.885206	0.00933794	 0.00959858
-1.6	-1.2	20	25	0.946102	0.00725553	 0.00774117
-1.2	-0.8	20	25	0.923125	0.00760903	 0.00823229
-0.8	-0.3	20	25	0.947021	0.00600042	 0.00630861
-0.3	-0.2	20	25	0.791297	0.0245849	 0.0262301
-0.2	0.2	20	25	0.936894	0.0073877	 0.00772014
0.2	0.3	20	25	0.814704	0.0245267	 0.0265661
0.3	0.8	20	25	0.952392	0.00650813	 0.00693377
0.8	1.2	20	25	0.933629	0.00874424	 0.00821191
1.2	1.6	20	25	0.942284	0.00717662	 0.00754146
1.6	2.1	20	25	0.9018	0.00772637	 0.00809894
2.1	2.4	20	25	0.772633	0.0158201	 0.0163476
-2.4	-2.1	25	30	0.806157	0.0121706	 0.0126328
-2.1	-1.6	25	30	0.900044	0.00733282	 0.00799309
-1.6	-1.2	25	30	0.952709	0.00513327	 0.0053699
-1.2	-0.8	25	30	0.939211	0.0060014	 0.00621742
-0.8	-0.3	25	30	0.942402	0.00460401	 0.00471703
-0.3	-0.2	25	30	0.82006	0.018109	 0.018993
-0.2	0.2	25	30	0.934531	0.00483961	 0.00545963
0.2	0.3	25	30	0.844033	0.0148729	 0.0155515
0.3	0.8	25	30	0.942143	0.00433064	 0.00455213
0.8	1.2	25	30	0.933471	0.00628579	 0.00663233
1.2	1.6	25	30	0.943411	0.00583472	 0.00613439
1.6	2.1	25	30	0.926486	0.00651823	 0.00677628
2.1	2.4	25	30	0.819597	0.0133245	 0.013527
-2.4	-2.1	30	40	0.86493	0.00664608	 0.00679058
-2.1	-1.6	30	40	0.915383	0.00351901	 0.00356883
-1.6	-1.2	30	40	0.946141	0.00286905	 0.00292835
-1.2	-0.8	30	40	0.934822	0.00306565	 0.00308125
-0.8	-0.3	30	40	0.944619	0.0022652	 0.00227521
-0.3	-0.2	30	40	0.804737	0.00847138	 0.00865686
-0.2	0.2	30	40	0.93344	0.00256303	 0.00256995
0.2	0.3	30	40	0.849296	0.00732455	 0.00753214
0.3	0.8	30	40	0.945887	0.00209156	 0.0021259
0.8	1.2	30	40	0.93134	0.00304108	 0.00309828
1.2	1.6	30	40	0.94803	0.00258821	 0.00268048
1.6	2.1	30	40	0.922473	0.00337736	 0.00328845
2.1	2.4	30	40	0.862316	0.000446739	 0.000446739
-2.4	-2.1	40	60	0.881702	0.00524962	 0.00531906
-2.1	-1.6	40	60	0.92074	0.00268059	 0.00272935
-1.6	-1.2	40	60	0.943827	0.00228491	 0.00228491
-1.2	-0.8	40	60	0.9347	0.00211022	 0.00216486
-0.8	-0.3	40	60	0.943349	0.00179856	 0.00182683
-0.3	-0.2	40	60	0.812424	0.00763042	 0.00768272
-0.2	0.2	40	60	0.927366	0.00218131	 0.00222749
0.2	0.3	40	60	0.847915	0.00650955	 0.00665376
0.3	0.8	40	60	0.947245	0.00178957	 0.00181612
0.8	1.2	40	60	0.930748	0.00221595	 0.00224815
1.2	1.6	40	60	0.945931	0.00311142	 0.00218405
1.6	2.1	40	60	0.926394	0.00259463	 0.00265025
2.1	2.4	40	60	0.875898	0.00546127	 0.00551841
-2.4	-2.1	60	100	0.933713	0.0161532	 0.017386
-2.1	-1.6	60	100	0.930641	0.00810217	 0.00850256
-1.6	-1.2	60	100	0.889783	0.00914261	 0.00953966
-1.2	-0.8	60	100	0.92743	0.00700295	 0.00766992
-0.8	-0.3	60	100	0.933441	0.0094301	 0.0128035
-0.3	-0.2	60	100	0.775783	0.000866994	 0.000866994
-0.2	0.2	60	100	0.944572	0.00665309	 0.00692173
0.2	0.3	60	100	0.840317	0.0202471	 0.0213282
0.3	0.8	60	100	0.944388	0.00508311	 0.00540472
0.8	1.2	60	100	0.940121	0.00617052	 0.00659426
1.2	1.6	60	100	0.932304	0.00813361	 0.00797273
1.6	2.1	60	100	0.925052	0.00841378	 0.00861633
2.1	2.4	60	100	0.885865	0.0165027	 0.0168724
-2.4	-2.1	100	200	0.794596	0.0596241	 0.0690718
-2.1	-1.6	100	200	0.924562	0.0243734	 0.0288278
-1.6	-1.2	100	200	0.798855	0.0493535	 0.0701001
-1.2	-0.8	100	200	0.969323	0.0161225	 0.0194216
-0.8	-0.3	100	200	0.898856	0.0197783	 0.0224439
-0.3	-0.2	100	200	0.737928	0.0635239	 0.0724628
-0.2	0.2	100	200	0.893748	0.0232124	 0.0268318
0.2	0.3	100	200	0.826082	0.0509956	 0.0603702
0.3	0.8	100	200	0.958351	0.0117032	 0.0142376
0.8	1.2	100	200	0.893933	0.0266513	 0.0303466
1.2	1.6	100	200	0.855251	0.0263434	 0.029636
1.6	2.1	100	200	0.903932	0.0511875	 0.0376462
2.1	2.4	100	200	0.81381	0.0559682	 0.0933361
