etamin	etamax	ptmin	ptmax	eff	deff_high	deff_low
-2.4	-2.1	10	13	0.881484	0.0399517	 0.0399546
-2.1	-1.6	10	13	0.92963	0.020696	 0.0297407
-1.6	-1.2	10	13	0.942426	0.0189295	 0.0239724
-1.2	-0.8	10	13	0.927232	0.0252866	 0.0324187
-0.8	-0.3	10	13	0.953918	0.0302419	 0.0346852
-0.3	-0.2	10	13	0.59991	0.144818	 0.157575
-0.2	0.2	10	13	1	0.0370576	 0.0370576
0.2	0.3	10	13	0.699983	0.128756	 0.154624
0.3	0.8	10	13	0.956074	0.0230806	 0.0320007
0.8	1.2	10	13	0.937855	0.0217668	 0.0294554
1.2	1.6	10	13	0.941605	0.0179141	 0.0221953
1.6	2.1	10	13	0.960201	0.0173167	 0.0211784
2.1	2.4	10	13	0.862731	0.0370429	 0.0437971
-2.4	-2.1	13	16	0.901973	0.027428	 0.0298625
-2.1	-1.6	13	16	0.94322	0.0158508	 0.018366
-1.6	-1.2	13	16	0.94723	0.0141923	 0.017156
-1.2	-0.8	13	16	0.903144	0.0197772	 0.0225137
-0.8	-0.3	13	16	0.916144	0.0220634	 0.0256931
-0.3	-0.2	13	16	0.71179	0.0815911	 0.0927566
-0.2	0.2	13	16	0.948832	0.019656	 0.026142
0.2	0.3	13	16	0.74881	0.087019	 0.0961769
0.3	0.8	13	16	0.950967	0.0159412	 0.0176775
0.8	1.2	13	16	0.911747	0.0194968	 0.0226935
1.2	1.6	13	16	0.952786	0.013531	 0.0160378
1.6	2.1	13	16	0.928188	0.0162054	 0.0181292
2.1	2.4	13	16	0.877255	0.0343332	 0.0335439
-2.4	-2.1	16	20	0.941839	0.0153742	 0.0176734
-2.1	-1.6	16	20	0.913434	0.0124131	 0.0127018
-1.6	-1.2	16	20	0.937053	0.0102446	 0.0114282
-1.2	-0.8	16	20	0.95094	0.00980525	 0.0111309
-0.8	-0.3	16	20	0.934762	0.012231	 0.0129787
-0.3	-0.2	16	20	0.834976	0.0495966	 0.0564308
-0.2	0.2	16	20	0.941221	0.0126602	 0.0147068
0.2	0.3	16	20	0.78518	0.0748104	 0.0639194
0.3	0.8	16	20	0.94503	0.00908024	 0.0101196
0.8	1.2	16	20	0.918556	0.0124884	 0.0139039
1.2	1.6	16	20	0.923195	0.0115459	 0.0133739
1.6	2.1	16	20	0.919202	0.013656	 0.0143761
2.1	2.4	16	20	0.903495	0.0160722	 0.0179158
-2.4	-2.1	20	25	0.915134	0.0116617	 0.0121617
-2.1	-1.6	20	25	0.909407	0.00803931	 0.0084423
-1.6	-1.2	20	25	0.936075	0.00711011	 0.00770053
-1.2	-0.8	20	25	0.920585	0.00769222	 0.0084216
-0.8	-0.3	20	25	0.94733	0.0060132	 0.00636143
-0.3	-0.2	20	25	0.791297	0.0245849	 0.0262301
-0.2	0.2	20	25	0.935633	0.00751985	 0.00789536
0.2	0.3	20	25	0.818996	0.0242503	 0.0263164
0.3	0.8	20	25	0.951916	0.00648642	 0.00686208
0.8	1.2	20	25	0.929625	0.00779788	 0.00828808
1.2	1.6	20	25	0.932465	0.00782421	 0.00810438
1.6	2.1	20	25	0.929142	0.00693977	 0.00753694
2.1	2.4	20	25	0.91978	0.0117327	 0.0122842
-2.4	-2.1	25	30	0.910009	0.00881498	 0.00922393
-2.1	-1.6	25	30	0.912492	0.0061953	 0.0064961
-1.6	-1.2	25	30	0.949211	0.00535418	 0.00559868
-1.2	-0.8	25	30	0.934464	0.00622037	 0.00643596
-0.8	-0.3	25	30	0.942155	0.00458733	 0.00471721
-0.3	-0.2	25	30	0.82006	0.018109	 0.018993
-0.2	0.2	25	30	0.934014	0.00495222	 0.00551045
0.2	0.3	25	30	0.844041	0.0148622	 0.015561
0.3	0.8	25	30	0.942926	0.00428934	 0.00454093
0.8	1.2	25	30	0.929308	0.0066049	 0.00754358
1.2	1.6	25	30	0.937157	0.00618173	 0.00644963
1.6	2.1	25	30	0.942465	0.00585678	 0.00616037
2.1	2.4	25	30	0.902626	0.00997697	 0.010487
-2.4	-2.1	30	40	0.923143	0.00521678	 0.00537669
-2.1	-1.6	30	40	0.924464	0.00331136	 0.00337912
-1.6	-1.2	30	40	0.939905	0.00302178	 0.00309112
-1.2	-0.8	30	40	0.931717	0.00321181	 0.0032525
-0.8	-0.3	30	40	0.944256	0.00227813	 0.00229399
-0.3	-0.2	30	40	0.805095	0.00846384	 0.00862237
-0.2	0.2	30	40	0.933632	0.00254734	 0.00257931
0.2	0.3	30	40	0.849187	0.0073119	 0.00753463
0.3	0.8	30	40	0.946027	0.00209644	 0.00212068
0.8	1.2	30	40	0.928968	0.00310374	 0.00315378
1.2	1.6	30	40	0.939124	0.00279748	 0.0028795
1.6	2.1	30	40	0.930865	0.00293065	 0.00300662
2.1	2.4	30	40	0.921957	0.00455903	 0.00479601
-2.4	-2.1	40	60	0.919991	0.00439328	 0.00446164
-2.1	-1.6	40	60	0.923203	0.00218701	 0.00223418
-1.6	-1.2	40	60	0.936592	0.00218701	 0.00223418
-1.2	-0.8	40	60	0.933556	0.00228845	 0.00231725
-0.8	-0.3	40	60	0.943111	0.00179408	 0.00181991
-0.3	-0.2	40	60	0.81199	0.00755219	 0.00765794
-0.2	0.2	40	60	0.92727	0.00217267	 0.00222458
0.2	0.3	40	60	0.848457	0.0065028	 0.00664167
0.3	0.8	40	60	0.946887	0.00166492	 0.00169816
0.8	1.2	40	60	0.928621	0.00240035	 0.00245039
1.2	1.6	40	60	0.938593	0.00230438	 0.00228257
1.6	2.1	40	60	0.931246	0.00252217	 0.00256683
2.1	2.4	40	60	0.919352	0.00450825	 0.00461567
-2.4	-2.1	60	100	0.938571	0.0153937	 0.016496
-2.1	-1.6	60	100	0.931915	0.00825433	 0.00871451
-1.6	-1.2	60	100	0.886201	0.00927269	 0.00984787
-1.2	-0.8	60	100	0.927217	0.00705846	 0.00749881
-0.8	-0.3	60	100	0.933476	0.00932588	 0.0127343
-0.3	-0.2	60	100	0.77337	0.0233684	 0.0245098
-0.2	0.2	60	100	0.944572	0.00665309	 0.00692173
0.2	0.3	60	100	0.840317	0.0202471	 0.0213282
0.3	0.8	60	100	0.943438	0.00512287	 0.00544468
0.8	1.2	60	100	0.937296	0.00631572	 0.0067403
1.2	1.6	60	100	0.927038	0.00817455	 0.00814411
1.6	2.1	60	100	0.925127	0.00839812	 0.00860694
2.1	2.4	60	100	0.908067	0.0165195	 0.0169298
-2.4	-2.1	100	200	0.794596	0.0596241	 0.0690718
-2.1	-1.6	100	200	0.924562	0.0243734	 0.0288278
-1.6	-1.2	100	200	0.77511	0.0370084	 0.0388406
-1.2	-0.8	100	200	0.969323	0.0161225	 0.0194216
-0.8	-0.3	100	200	0.898856	0.0197783	 0.0224439
-0.3	-0.2	100	200	0.737928	0.0635239	 0.0724628
-0.2	0.2	100	200	0.893748	0.0232124	 0.0268318
0.2	0.3	100	200	0.826082	0.0509956	 0.0603702
0.3	0.8	100	200	0.958351	0.0117032	 0.0142376
0.8	1.2	100	200	0.886555	0.0272144	 0.0309151
1.2	1.6	100	200	0.836456	0.028115	 0.0309979
1.6	2.1	100	200	0.903932	0.0511875	 0.0376462
2.1	2.4	100	200	0.789632	0.0597258	 0.104117
