etamin	etamax	ptmin	ptmax	eff	deff_high	deff_low
-2.4	-2.1	10	13	1	0.0207426	 0.0207426
-2.1	-1.6	10	13	0.960387	0.0324298	 0.0342729
-1.6	-1.2	10	13	1	0.00992904	 0.00992904
-1.2	-0.8	10	13	0.944097	0.0402731	 0.0417744
-0.8	-0.3	10	13	0.965218	0.0347819	 0.0400569
-0.3	-0.2	10	13	0.716613	0.123749	 0.111848
-0.2	0.2	10	13	0.938173	0.0515382	 0.0565013
0.2	0.3	10	13	1	0.0489586	 0.0489586
0.3	0.8	10	13	0.972579	0.0274214	 0.0795446
0.8	1.2	10	13	0.87303	0.0370446	 0.039258
1.2	1.6	10	13	1	0.019456	 0.019456
1.6	2.1	10	13	0.979361	0.0206389	 0.0322735
2.1	2.4	10	13	0.996888	0.00311192	 0.0485014
-2.4	-2.1	13	16	0.978882	0.0211175	 0.0327031
-2.1	-1.6	13	16	0.990097	0.00990333	 0.0156528
-1.6	-1.2	13	16	0.999999	0.00958438	 0.00958438
-1.2	-0.8	13	16	0.960362	0.017763	 0.0198534
-0.8	-0.3	13	16	0.970912	0.0256729	 0.0280024
-0.3	-0.2	13	16	0.845628	0.0784521	 0.0871435
-0.2	0.2	13	16	0.953303	0.0268049	 0.0298367
0.2	0.3	13	16	0.895948	0.022094	 0.0244097
0.3	0.8	13	16	0.938834	0.022094	 0.0244097
0.8	1.2	13	16	0.949657	0.0184133	 0.0207704
1.2	1.6	13	16	0.98139	0.0166444	 0.019026
1.6	2.1	13	16	0.993164	0.00683603	 0.0211892
2.1	2.4	13	16	0.963447	0.0250136	 0.0285145
-2.4	-2.1	16	20	0.988374	0.0116257	 0.0181008
-2.1	-1.6	16	20	0.98487	0.00828036	 0.00915017
-1.6	-1.2	16	20	0.992985	0.00701501	 0.00835641
-1.2	-0.8	16	20	0.934435	0.0124821	 0.013494
-0.8	-0.3	16	20	0.954579	0.0114647	 0.0123823
-0.3	-0.2	16	20	0.930135	0.032118	 0.0370445
-0.2	0.2	16	20	0.942665	0.0161804	 0.0182512
0.2	0.3	16	20	0.801436	0.0484484	 0.0516163
0.3	0.8	16	20	0.972944	0.0105156	 0.0114592
0.8	1.2	16	20	0.950783	0.0121413	 0.0132236
1.2	1.6	16	20	0.986853	0.00798229	 0.00911265
1.6	2.1	16	20	0.969114	0.0102692	 0.011265
2.1	2.4	16	20	0.966813	0.0155461	 0.0176016
-2.4	-2.1	20	25	0.941977	0.01115	 0.0118171
-2.1	-1.6	20	25	0.964408	0.00609935	 0.00651343
-1.6	-1.2	20	25	0.993	0.00419119	 0.00477473
-1.2	-0.8	20	25	0.951838	0.00708394	 0.00754878
-0.8	-0.3	20	25	0.975808	0.00530823	 0.00574294
-0.3	-0.2	20	25	0.865222	0.0206083	 0.0231991
-0.2	0.2	20	25	0.955622	0.00694689	 0.00740269
0.2	0.3	20	25	0.831837	0.00136142	 0.00136142
0.3	0.8	20	25	0.97029	0.00570059	 0.00604388
0.8	1.2	20	25	0.933719	0.00719031	 0.00719031
1.2	1.6	20	25	0.983925	0.00540577	 0.00593312
1.6	2.1	20	25	0.978089	0.00507123	 0.00552485
2.1	2.4	20	25	0.954044	0.0105922	 0.0112976
-2.4	-2.1	25	30	0.963652	0.00747274	 0.00800844
-2.1	-1.6	25	30	0.964913	0.00471728	 0.00500197
-1.6	-1.2	25	30	0.983742	0.00339741	 0.00376213
-1.2	-0.8	25	30	0.940789	0.00592801	 0.00638807
-0.8	-0.3	25	30	0.971059	0.00366234	 0.00385363
-0.3	-0.2	25	30	0.853119	0.0144281	 0.0150775
-0.2	0.2	25	30	0.945985	0.00480441	 0.00500899
0.2	0.3	25	30	0.861947	0.00102535	 0.00102535
0.3	0.8	25	30	0.970754	0.00366167	 0.00387333
0.8	1.2	25	30	0.945744	0.00558137	 0.00584578
1.2	1.6	25	30	0.990837	0.0030677	 0.00338965
1.6	2.1	25	30	0.975439	0.00458411	 0.00491472
2.1	2.4	25	30	0.947326	0.00847912	 0.00894123
-2.4	-2.1	30	40	0.93918	0.00452654	 0.00464988
-2.1	-1.6	30	40	0.971756	0.00230307	 0.00237586
-1.6	-1.2	30	40	0.985724	0.00174484	 0.0018348
-1.2	-0.8	30	40	0.946296	0.00275011	 0.00282486
-0.8	-0.3	30	40	0.959782	0.00194847	 0.00200833
-0.3	-0.2	30	40	0.859198	0.00731175	 0.00746855
-0.2	0.2	30	40	0.954621	0.00229691	 0.00235128
0.2	0.3	30	40	0.854169	0.00668747	 0.00681191
0.3	0.8	30	40	0.96715	0.00177172	 0.00182477
0.8	1.2	30	40	0.946368	0.00272901	 0.00279683
1.2	1.6	30	40	0.98333	0.00188252	 0.00198253
1.6	2.1	30	40	0.977765	0.00207962	 0.00215843
2.1	2.4	30	40	0.949738	0.00465398	 0.00479736
-2.4	-2.1	40	60	0.940331	0.00400209	 0.00410541
-2.1	-1.6	40	60	0.971316	0.00172179	 0.00177296
-1.6	-1.2	40	60	0.985204	0.00130691	 0.00135817
-1.2	-0.8	40	60	0.938261	0.00217927	 0.00220689
-0.8	-0.3	40	60	0.964976	0.00150663	 0.0106844
-0.3	-0.2	40	60	0.85217	0.00607758	 0.00614114
-0.2	0.2	40	60	0.952843	0.00193683	 0.00198305
0.2	0.3	40	60	0.855028	0.00609289	 0.00615132
0.3	0.8	40	60	0.967552	0.00144587	 0.001476
0.8	1.2	40	60	0.944599	0.00206338	 0.0020649
1.2	1.6	40	60	0.985452	0.00130015	 0.00135331
1.6	2.1	40	60	0.976248	0.00162317	 0.00167351
2.1	2.4	40	60	0.947861	0.00400695	 0.00410676
-2.4	-2.1	60	100	0.943426	0.0160147	 0.0170876
-2.1	-1.6	60	100	0.970015	0.0061588	 0.00665938
-1.6	-1.2	60	100	0.988851	0.00397062	 0.0045182
-1.2	-0.8	60	100	0.936624	0.00721036	 0.00763299
-0.8	-0.3	60	100	0.962647	0.00516593	 0.00548759
-0.3	-0.2	60	100	0.861882	0.0188959	 0.0201175
-0.2	0.2	60	100	0.948158	0.00644106	 0.0165194
0.2	0.3	60	100	0.849779	0.0175512	 0.0187574
0.3	0.8	60	100	0.960504	0.00463982	 0.00490069
0.8	1.2	60	100	0.950229	0.00629061	 0.00663611
1.2	1.6	60	100	0.988918	0.00468928	 0.00530284
1.6	2.1	60	100	0.98674	0.00562888	 0.00619513
2.1	2.4	60	100	0.948372	0.0165601	 0.0175488
-2.4	-2.1	100	200	1	0.0627903	 0.0627903
-2.1	-1.6	100	200	0.948671	0.017232	 0.0303698
-1.6	-1.2	100	200	0.961771	0.0185965	 0.0181482
-1.2	-0.8	100	200	0.970221	0.0197257	 0.0242342
-0.8	-0.3	100	200	0.972941	0.0155405	 0.0198786
-0.3	-0.2	100	200	0.813362	0.048046	 0.0562653
-0.2	0.2	100	200	0.964236	0.0155059	 0.0192466
0.2	0.3	100	200	0.851492	0.0475959	 0.0567247
0.3	0.8	100	200	0.987267	0.00965156	 0.01324
0.8	1.2	100	200	0.900095	0.0258259	 0.0286166
1.2	1.6	100	200	0.98959	0.0104097	 0.0181301
1.6	2.1	100	200	0.97484	0.0226765	 0.026699
2.1	2.4	100	200	1	0.0296571	 0.0296571
