etamin	etamax	ptmin	ptmax	eff	deff_high	deff_low
-2.4	-2.1	10	13	0.452041	0.0171004	 0.017094
-2.1	-1.6	10	13	0.472249	0.0133227	 0.0133012
-1.6	-1.2	10	13	0.512338	0.0148621	 0.014806
-1.2	-0.8	10	13	0.495057	0.0150403	 0.0150699
-0.8	-0.3	10	13	0.48644	0.0195383	 0.0195984
-0.3	-0.2	10	13	0.414076	0.048871	 0.0468327
-0.2	0.2	10	13	0.492953	0.0248802	 0.0249744
0.2	0.3	10	13	0.365197	0.101388	 0.0511629
0.3	0.8	10	13	0.488656	0.0173862	 0.0180017
0.8	1.2	10	13	0.503357	0.0144755	 0.0144824
1.2	1.6	10	13	0.483322	0.0142324	 0.0140786
1.6	2.1	10	13	0.471412	0.0119192	 0.0119728
2.1	2.4	10	13	0.461604	0.0173847	 0.0178288
-2.4	-2.1	13	16	0.470425	0.0138621	 0.0146462
-2.1	-1.6	13	16	0.480184	0.0106649	 0.0114934
-1.6	-1.2	13	16	0.49981	0.0116941	 0.0115449
-1.2	-0.8	13	16	0.474984	0.0121281	 0.0121474
-0.8	-0.3	13	16	0.501453	0.0120254	 0.0119537
-0.3	-0.2	13	16	0.42108	0.0495045	 0.0321027
-0.2	0.2	13	16	0.502073	0.0164098	 0.0161706
0.2	0.3	13	16	0.418473	0.0328268	 0.0318098
0.3	0.8	13	16	0.487293	0.0123337	 0.0124149
0.8	1.2	13	16	0.480815	0.0116234	 0.0118041
1.2	1.6	13	16	0.500265	0.0115679	 0.0116088
1.6	2.1	13	16	0.484845	0.0100853	 0.00994165
2.1	2.4	13	16	0.469136	0.0133951	 0.0133697
-2.4	-2.1	16	20	0.472022	0.00930425	 0.00938587
-2.1	-1.6	16	20	0.473715	0.00601064	 0.00600651
-1.6	-1.2	16	20	0.503471	0.007587	 0.00747316
-1.2	-0.8	16	20	0.477373	0.00766005	 0.00757514
-0.8	-0.3	16	20	0.485875	0.00708949	 0.00707291
-0.3	-0.2	16	20	0.420527	0.0185751	 0.0184758
-0.2	0.2	16	20	0.469929	0.00924032	 0.00919358
0.2	0.3	16	20	0.416772	0.0187918	 0.0186728
0.3	0.8	16	20	0.486453	0.00706362	 0.00708519
0.8	1.2	16	20	0.484792	0.00760238	 0.00758616
1.2	1.6	16	20	0.486698	0.00747922	 0.00753108
1.6	2.1	16	20	0.492051	0.00670646	 0.00696197
2.1	2.4	16	20	0.476541	0.0103922	 0.0104076
-2.4	-2.1	20	25	0.477294	0.00641028	 0.00640444
-2.1	-1.6	20	25	0.484248	0.00441507	 0.00441038
-1.6	-1.2	20	25	0.494977	0.00474476	 0.00474746
-1.2	-0.8	20	25	0.486995	0.00480651	 0.00482475
-0.8	-0.3	20	25	0.49297	0.004176	 0.00417882
-0.3	-0.2	20	25	0.413653	0.00987906	 0.00984351
-0.2	0.2	20	25	0.484666	0.00480069	 0.00478591
0.2	0.3	20	25	0.433742	0.00980035	 0.00987828
0.3	0.8	20	25	0.488391	0.00417664	 0.0041894
0.8	1.2	20	25	0.484285	0.00487231	 0.00486095
1.2	1.6	20	25	0.496405	0.0048351	 0.00481248
1.6	2.1	20	25	0.47974	0.00437613	 0.00439748
2.1	2.4	20	25	0.480544	0.00647719	 0.0063546
-2.4	-2.1	25	30	0.485041	0.00501071	 0.00504597
-2.1	-1.6	25	30	0.48098	0.00346982	 0.00347756
-1.6	-1.2	25	30	0.485848	0.00371401	 0.00372127
-1.2	-0.8	25	30	0.476839	0.00369085	 0.00368708
-0.8	-0.3	25	30	0.491114	0.00299574	 0.00301402
-0.3	-0.2	25	30	0.420258	0.00653352	 0.0065038
-0.2	0.2	25	30	0.480036	0.00304543	 0.00304415
0.2	0.3	25	30	0.4337	0.00667292	 0.00664781
0.3	0.8	25	30	0.488438	0.00300038	 0.00299607
0.8	1.2	25	30	0.478093	0.00360955	 0.00358302
1.2	1.6	25	30	0.490673	0.00375461	 0.00375287
1.6	2.1	25	30	0.477217	0.0035068	 0.003475
2.1	2.4	25	30	0.473688	0.00493525	 0.00491987
-2.4	-2.1	30	40	0.481948	0.00274598	 0.00272501
-2.1	-1.6	30	40	0.476064	0.00189218	 0.00189301
-1.6	-1.2	30	40	0.490055	0.00193881	 0.00193414
-1.2	-0.8	30	40	0.479046	0.00175978	 0.00176691
-0.8	-0.3	30	40	0.490623	0.00143441	 0.00143499
-0.3	-0.2	30	40	0.419597	0.00326395	 0.00326352
-0.2	0.2	30	40	0.478477	0.00156234	 0.00155558
0.2	0.3	30	40	0.43429	0.00325577	 0.00324737
0.3	0.8	30	40	0.488085	0.00142985	 0.00143163
0.8	1.2	30	40	0.478136	0.00176515	 0.00176321
1.2	1.6	30	40	0.484928	0.00193187	 0.00193573
1.6	2.1	30	40	0.479552	0.00188703	 0.00189199
2.1	2.4	30	40	0.478452	0.00273198	 0.00270987
-2.4	-2.1	40	60	0.479261	0.00245509	 0.00245326
-2.1	-1.6	40	60	0.479463	0.00148202	 0.00148339
-1.6	-1.2	40	60	0.483264	0.00140859	 0.0014058
-1.2	-0.8	40	60	0.480918	0.00136481	 0.00136211
-0.8	-0.3	40	60	0.487855	0.00112304	 0.00112425
-0.3	-0.2	40	60	0.418965	0.002694	 0.0026983
-0.2	0.2	40	60	0.481515	0.00132583	 0.00132562
0.2	0.3	40	60	0.430995	0.00272506	 0.00271111
0.3	0.8	40	60	0.488583	0.0011628	 0.00116165
0.8	1.2	40	60	0.475494	0.00133868	 0.00131941
1.2	1.6	40	60	0.482849	0.00143124	 0.00143248
1.6	2.1	40	60	0.479441	0.00146858	 0.00146803
2.1	2.4	40	60	0.477838	0.0024399	 0.00244115
-2.4	-2.1	60	100	0.483135	0.00784965	 0.00784511
-2.1	-1.6	60	100	0.473989	0.00490024	 0.00490312
-1.6	-1.2	60	100	0.468623	0.00443061	 0.00442853
-1.2	-0.8	60	100	0.477523	0.00445905	 0.00445705
-0.8	-0.3	60	100	0.488178	0.00374908	 0.00376343
-0.3	-0.2	60	100	0.411228	0.0086539	 0.0086348
-0.2	0.2	60	100	0.4759	0.00415837	 0.00415185
0.2	0.3	60	100	0.436535	0.00889823	 0.00888551
0.3	0.8	60	100	0.497891	0.00371746	 0.00371041
0.8	1.2	60	100	0.48221	0.00439473	 0.00440345
1.2	1.6	60	100	0.486425	0.00461149	 0.00458683
1.6	2.1	60	100	0.484479	0.00480751	 0.0048019
2.1	2.4	60	100	0.476911	0.00787921	 0.00789703
-2.4	-2.1	100	200	0.477577	0.030655	 0.0296377
-2.1	-1.6	100	200	0.442479	0.0152689	 0.014962
-1.6	-1.2	100	200	0.427923	0.0125317	 0.01318
-1.2	-0.8	100	200	0.477597	0.012225	 0.0121139
-0.8	-0.3	100	200	0.48114	0.0113725	 0.0113491
-0.3	-0.2	100	200	0.432792	0.0265812	 0.0263596
-0.2	0.2	100	200	0.481559	0.0113879	 0.0115421
0.2	0.3	100	200	0.409709	0.0260688	 0.0257924
0.3	0.8	100	200	0.483896	0.0113638	 0.011362
0.8	1.2	100	200	0.464689	0.0132795	 0.0132221
1.2	1.6	100	200	0.426319	0.0138407	 0.013781
1.6	2.1	100	200	0.449538	0.0148578	 0.0148057
2.1	2.4	100	200	0.418246	0.0271866	 0.0269659
