etamin	etamax	ptmin	ptmax	eff	deff_high	deff_low
-2.4	-2.1	10	13	0.774907	0.0126046	 0.0128215
-2.1	-1.6	10	13	0.763255	0.00927033	 0.00937641
-1.6	-1.2	10	13	0.725894	0.0110775	 0.0112009
-1.2	-0.8	10	13	0.672148	0.0127681	 0.0126083
-0.8	-0.3	10	13	0.632509	0.0149999	 0.0151119
-0.3	-0.2	10	13	0.609852	0.0388654	 0.0380042
-0.2	0.2	10	13	0.609501	0.0217636	 0.0219215
0.2	0.3	10	13	0.569561	0.0448281	 0.0454131
0.3	0.8	10	13	0.659267	0.0148736	 0.0149027
0.8	1.2	10	13	0.675396	0.0123237	 0.0124733
1.2	1.6	10	13	0.708752	0.0199644	 0.0113831
1.6	2.1	10	13	0.770726	0.00903014	 0.00915786
2.1	2.4	10	13	0.763836	0.0125586	 0.0127402
-2.4	-2.1	13	16	0.80755	0.00957438	 0.00987625
-2.1	-1.6	13	16	0.809643	0.00801063	 0.00745985
-1.6	-1.2	13	16	0.778951	0.00813407	 0.00821601
-1.2	-0.8	13	16	0.742279	0.00905229	 0.00912428
-0.8	-0.3	13	16	0.703217	0.00960792	 0.00969532
-0.3	-0.2	13	16	0.677657	0.0248633	 0.0254468
-0.2	0.2	13	16	0.658508	0.0129264	 0.0130902
0.2	0.3	13	16	0.670749	0.0247237	 0.0248457
0.3	0.8	13	16	0.692549	0.00936671	 0.009485
0.8	1.2	13	16	0.746696	0.00885116	 0.00894677
1.2	1.6	13	16	0.772294	0.00833757	 0.00840553
1.6	2.1	13	16	0.796128	0.00730975	 0.00737453
2.1	2.4	13	16	0.792633	0.0100311	 0.0103502
-2.4	-2.1	16	20	0.850846	0.00604007	 0.00619396
-2.1	-1.6	16	20	0.85443	0.00426967	 0.0043166
-1.6	-1.2	16	20	0.822854	0.00512809	 0.00518505
-1.2	-0.8	16	20	0.795486	0.00553907	 0.00558242
-0.8	-0.3	16	20	0.764606	0.00546877	 0.00555224
-0.3	-0.2	16	20	0.706467	0.0148798	 0.0183414
-0.2	0.2	16	20	0.727057	0.00724081	 0.00733112
0.2	0.3	16	20	0.75388	0.0136289	 0.0134408
0.3	0.8	16	20	0.763569	0.00532095	 0.00535604
0.8	1.2	16	20	0.796988	0.00550202	 0.00555171
1.2	1.6	16	20	0.828915	0.00507716	 0.00513617
1.6	2.1	16	20	0.860153	0.00427577	 0.00434148
2.1	2.4	16	20	0.850886	0.00606881	 0.00615534
-2.4	-2.1	20	25	0.900624	0.00377356	 0.0039931
-2.1	-1.6	20	25	0.898354	0.00259112	 0.00264537
-1.6	-1.2	20	25	0.886756	0.00292532	 0.00295751
-1.2	-0.8	20	25	0.850453	0.00326501	 0.00329525
-0.8	-0.3	20	25	0.835286	0.00297965	 0.00301357
-0.3	-0.2	20	25	0.8264	0.00689379	 0.00701171
-0.2	0.2	20	25	0.812769	0.00368087	 0.00372388
0.2	0.3	20	25	0.814571	0.00756167	 0.00768684
0.3	0.8	20	25	0.836027	0.00304017	 0.00307733
0.8	1.2	20	25	0.854959	0.00318383	 0.00321329
1.2	1.6	20	25	0.879915	0.00305957	 0.00312409
1.6	2.1	20	25	0.896629	0.00264364	 0.00270565
2.1	2.4	20	25	0.899785	0.00370143	 0.0039118
-2.4	-2.1	25	30	0.933175	0.00246641	 0.00251536
-2.1	-1.6	25	30	0.932559	0.00177659	 0.00179496
-1.6	-1.2	25	30	0.918998	0.00209686	 0.00214895
-1.2	-0.8	25	30	0.900586	0.00224612	 0.00227427
-0.8	-0.3	25	30	0.883126	0.00190133	 0.00191018
-0.3	-0.2	25	30	0.874674	0.00446858	 0.00460902
-0.2	0.2	25	30	0.880086	0.00196457	 0.00198484
0.2	0.3	25	30	0.876891	0.00400029	 0.00402659
0.3	0.8	25	30	0.886603	0.00189796	 0.00189939
0.8	1.2	25	30	0.900847	0.00220136	 0.00222365
1.2	1.6	25	30	0.918432	0.00212936	 0.00217022
1.6	2.1	25	30	0.933212	0.00178173	 0.0018007
2.1	2.4	25	30	0.933459	0.00252648	 0.00259526
-2.4	-2.1	30	40	0.96612	0.00102406	 0.00103376
-2.1	-1.6	30	40	0.963144	0.000746106	 0.000750844
-1.6	-1.2	30	40	0.955958	0.000832165	 0.000840977
-1.2	-0.8	30	40	0.944951	0.000837714	 0.000839473
-0.8	-0.3	30	40	0.935169	0.000713391	 0.000713791
-0.3	-0.2	30	40	0.930174	0.00164188	 0.0016454
-0.2	0.2	30	40	0.928878	0.000796792	 0.000800105
0.2	0.3	30	40	0.93397	0.00165137	 0.00166499
0.3	0.8	30	40	0.937148	0.000700628	 0.00070131
0.8	1.2	30	40	0.944152	0.000829587	 0.0008358
1.2	1.6	30	40	0.954087	0.000850047	 0.000851494
1.6	2.1	30	40	0.963231	0.000747923	 0.000744518
2.1	2.4	30	40	0.961862	0.00106778	 0.00107626
-2.4	-2.1	40	60	0.986426	0.000533988	 0.000545465
-2.1	-1.6	40	60	0.986127	0.000339197	 0.000343451
-1.6	-1.2	40	60	0.983306	0.000364767	 0.000368693
-1.2	-0.8	40	60	0.978253	0.000395656	 0.00039936
-0.8	-0.3	40	60	0.973017	0.000375254	 0.000377526
-0.3	-0.2	40	60	0.968989	0.00092869	 0.000942605
-0.2	0.2	40	60	0.96853	0.000447991	 0.000451237
0.2	0.3	40	60	0.970363	0.000910841	 0.000926992
0.3	0.8	40	60	0.973889	0.000370276	 0.000372743
0.8	1.2	40	60	0.977856	0.000395147	 0.000398498
1.2	1.6	40	60	0.982488	0.000372598	 0.000376759
1.6	2.1	40	60	0.986084	0.000339386	 0.000343686
2.1	2.4	40	60	0.985681	0.000549858	 0.000561094
-2.4	-2.1	60	100	0.994725	0.00133902	 0.00143405
-2.1	-1.6	60	100	0.994161	0.000786881	 0.000837851
-1.6	-1.2	60	100	0.990154	0.000924175	 0.000960772
-1.2	-0.8	60	100	0.987556	0.000960547	 0.00100326
-0.8	-0.3	60	100	0.986476	0.000883537	 0.000911263
-0.3	-0.2	60	100	0.980467	0.0023343	 0.00251329
-0.2	0.2	60	100	0.984949	0.000999138	 0.00103648
0.2	0.3	60	100	0.987595	0.00202936	 0.00217836
0.3	0.8	60	100	0.986527	0.000865136	 0.000891783
0.8	1.2	60	100	0.989416	0.000912924	 0.000953562
1.2	1.6	60	100	0.990463	0.000932817	 0.00097659
1.6	2.1	60	100	0.99205	0.000836129	 0.000884132
2.1	2.4	60	100	0.991277	0.00145489	 0.00155297
-2.4	-2.1	100	200	0.994289	0.0051553	 0.00549495
-2.1	-1.6	100	200	0.989204	0.00290705	 0.00327987
-1.6	-1.2	100	200	0.994534	0.00220823	 0.00255885
-1.2	-0.8	100	200	0.992118	0.00238227	 0.00272025
-0.8	-0.3	100	200	0.986587	0.00247231	 0.00272509
-0.3	-0.2	100	200	0.985965	0.00439039	 0.00554421
-0.2	0.2	100	200	0.99409	0.00219155	 0.00226563
0.2	0.3	100	200	0.991581	0.00478672	 0.00598444
0.3	0.8	100	200	0.992456	0.00196513	 0.00220144
0.8	1.2	100	200	0.989378	0.00282848	 0.00313892
1.2	1.6	100	200	0.989936	0.00269446	 0.00321985
1.6	2.1	100	200	0.995025	0.00235614	 0.00276804
2.1	2.4	100	200	0.992822	0.00301548	 0.00420202
