etamin	etamax	ptmin	ptmax	eff	deff_high	deff_low
-2.4	-2.1	10	20	0	0	 0
-2.1	-1.6	10	20	0	0	 0
-1.6	-1.2	10	20	0	0	 0
-1.2	-0.8	10	20	0	0	 0
-0.8	-0.3	10	20	0	0	 0
-0.3	-0.2	10	20	0	0	 0
-0.2	0.2	10	20	0	0	 0
0.2	0.3	10	20	0	0	 0
0.3	0.8	10	20	0	0	 0
0.8	1.2	10	20	0	0	 0
1.2	1.6	10	20	0	0	 0
1.6	2.1	10	20	0	0	 0
2.1	2.4	10	20	0	0	 0
-2.4	-2.1	20	21	0	0	 0
-2.1	-1.6	20	21	0	0	 0
-1.6	-1.2	20	21	0	0	 0
-1.2	-0.8	20	21	0	0	 0
-0.8	-0.3	20	21	0	0	 0
-0.3	-0.2	20	21	0	0	 0
-0.2	0.2	20	21	0	0	 0
0.2	0.3	20	21	0	0	 0
0.3	0.8	20	21	0	0	 0
0.8	1.2	20	21	0	0	 0
1.2	1.6	20	21	0	0	 0
1.6	2.1	20	21	0	0	 0
2.1	2.4	20	21	0	0	 0
-2.4	-2.1	21	22	0	0	 0
-2.1	-1.6	21	22	0	0	 0
-1.6	-1.2	21	22	0	0	 0
-1.2	-0.8	21	22	0	0	 0
-0.8	-0.3	21	22	0	0	 0
-0.3	-0.2	21	22	0	0	 0
-0.2	0.2	21	22	0	0	 0
0.2	0.3	21	22	0	0	 0
0.3	0.8	21	22	0	0	 0
0.8	1.2	21	22	0	0	 0
1.2	1.6	21	22	0	0	 0
1.6	2.1	21	22	0	0	 0
2.1	2.4	21	22	0	0	 0
-2.4	-2.1	22	23	0	0	 0
-2.1	-1.6	22	23	0	0	 0
-1.6	-1.2	22	23	0	0	 0
-1.2	-0.8	22	23	0	0	 0
-0.8	-0.3	22	23	0	0	 0
-0.3	-0.2	22	23	0	0	 0
-0.2	0.2	22	23	0	0	 0
0.2	0.3	22	23	0	0	 0
0.3	0.8	22	23	0	0	 0
0.8	1.2	22	23	0	0	 0
1.2	1.6	22	23	0	0	 0
1.6	2.1	22	23	0	0	 0
2.1	2.4	22	23	0	0	 0
-2.4	-2.1	23	24	0.116099	0.0171435	 0.0157688
-2.1	-1.6	23	24	0.0913609	0.0111103	 0.0103688
-1.6	-1.2	23	24	0.0567312	0.0101554	 0.00911616
-1.2	-0.8	23	24	0.0606739	0.0116336	 0.0109222
-0.8	-0.3	23	24	0.04177	0.00780743	 0.00678988
-0.3	-0.2	23	24	0.0188722	0.01287	 0.00886536
-0.2	0.2	23	24	0.0532028	0.0092777	 0.00833621
0.2	0.3	23	24	0	0	 0
0.3	0.8	23	24	0.0414045	0.00776588	 0.00691764
0.8	1.2	23	24	0.0443054	0.00995242	 0.00859128
1.2	1.6	23	24	0.0554943	0.02523	 0.0127759
1.6	2.1	23	24	0.0754506	0.0104556	 0.00956157
2.1	2.4	23	24	0.0916225	0.0178652	 0.0166632
-2.4	-2.1	24	25	0.69502	0.0266829	 0.0271394
-2.1	-1.6	24	25	0.738433	0.0166961	 0.01688
-1.6	-1.2	24	25	0.821924	0.0158152	 0.0163482
-1.2	-0.8	24	25	0.794242	0.0181442	 0.020076
-0.8	-0.3	24	25	0.889848	0.0119625	 0.0175393
-0.3	-0.2	24	25	0.729839	0.0318619	 0.0336792
-0.2	0.2	24	25	0.832785	0.0130211	 0.0139611
0.2	0.3	24	25	0.737942	0.0355756	 0.0379449
0.3	0.8	24	25	0.878205	0.0118091	 0.0123049
0.8	1.2	24	25	0.780192	0.0173611	 0.0174938
1.2	1.6	24	25	0.810412	0.0163133	 0.0169201
1.6	2.1	24	25	0.762572	0.0152593	 0.0157702
2.1	2.4	24	25	0.654597	0.0245774	 0.0250549
-2.4	-2.1	25	26	0.700679	0.0226727	 0.0229076
-2.1	-1.6	25	26	0.780628	0.0156365	 0.015809
-1.6	-1.2	25	26	0.827267	0.0155152	 0.0160358
-1.2	-0.8	25	26	0.837146	0.015593	 0.0160291
-0.8	-0.3	25	26	0.914043	0.0107276	 0.0113044
-0.3	-0.2	25	26	0.725872	0.030265	 0.0317363
-0.2	0.2	25	26	0.850514	0.0133337	 0.0137469
0.2	0.3	25	26	0.806925	0.0286088	 0.0283995
0.3	0.8	25	26	0.914231	0.00926081	 0.00965337
0.8	1.2	25	26	0.798005	0.0153161	 0.0159324
1.2	1.6	25	26	0.815303	0.0162576	 0.0165182
1.6	2.1	25	26	0.794658	0.0151262	 0.01532
2.1	2.4	25	26	0.71291	0.0233874	 0.0241169
-2.4	-2.1	26	30	0.746132	6.28264e-05	 6.28264e-05
-2.1	-1.6	26	30	0.814471	0.00705074	 0.00708634
-1.6	-1.2	26	30	0.854674	0.0065275	 0.00653795
-1.2	-0.8	26	30	0.859592	0.00667505	 0.00686382
-0.8	-0.3	26	30	0.937484	0.00366434	 0.00373204
-0.3	-0.2	26	30	0.767356	0.0136005	 0.0137895
-0.2	0.2	26	30	0.889261	0.00441012	 0.00449792
0.2	0.3	26	30	0.837352	0.0120616	 0.012312
0.3	0.8	26	30	0.939804	0.00361059	 0.00371058
0.8	1.2	26	30	0.864505	0.00624711	 0.00629567
1.2	1.6	26	30	0.850658	0.000143059	 0.000143059
1.6	2.1	26	30	0.832148	0.0064969	 0.00655193
2.1	2.4	26	30	0.748203	0.0106645	 0.0107319
-2.4	-2.1	30	40	0.810526	0.00468122	 0.00471158
-2.1	-1.6	30	40	0.840245	0.00320099	 0.00319777
-1.6	-1.2	30	40	0.89442	0.00273924	 0.0028117
-1.2	-0.8	30	40	0.888373	0.00245773	 0.00251087
-0.8	-0.3	30	40	0.955702	0.00139225	 0.00139355
-0.3	-0.2	30	40	0.786008	0.00615736	 0.00621412
-0.2	0.2	30	40	0.907489	0.00208977	 0.0021238
0.2	0.3	30	40	0.840904	0.00562981	 0.00568379
0.3	0.8	30	40	0.952992	0.00142735	 0.00145039
0.8	1.2	30	40	0.881925	0.00259267	 0.00258957
1.2	1.6	30	40	0.890473	0.00276116	 0.00280705
1.6	2.1	30	40	0.856878	0.00295796	 0.00296149
2.1	2.4	30	40	0.793836	0.00487066	 0.00488222
-2.4	-2.1	40	60	0.832438	0.00395155	 0.00401627
-2.1	-1.6	40	60	0.857318	0.0023432	 0.00234708
-1.6	-1.2	40	60	0.917789	0.00198382	 0.00168702
-1.2	-0.8	40	60	0.888374	0.00194519	 0.00194972
-0.8	-0.3	40	60	0.958653	0.00108526	 0.00110021
-0.3	-0.2	40	60	0.814701	0.00460317	 0.00467301
-0.2	0.2	40	60	0.914098	0.00171305	 0.00173091
0.2	0.3	40	60	0.85314	0.00450229	 0.00452548
0.3	0.8	40	60	0.959562	0.00108053	 0.00109112
0.8	1.2	40	60	0.891701	0.00181319	 0.00184115
1.2	1.6	40	60	0.901776	0.00195995	 0.00197818
1.6	2.1	40	60	0.876586	0.00215128	 0.00212477
2.1	2.4	40	60	0.822837	0.00393534	 0.0039007
-2.4	-2.1	60	100	0.861484	0.0117209	 0.0121162
-2.1	-1.6	60	100	0.869131	0.00717539	 0.0074677
-1.6	-1.2	60	100	0.926407	0.00548843	 0.00569535
-1.2	-0.8	60	100	0.889587	0.0060455	 0.00636573
-0.8	-0.3	60	100	0.956426	0.00346708	 0.00359183
-0.3	-0.2	60	100	0.760593	0.0157921	 0.0162084
-0.2	0.2	60	100	0.918823	0.00481758	 0.004915
0.2	0.3	60	100	0.826731	0.0149911	 0.0154564
0.3	0.8	60	100	0.958724	0.00304666	 0.00319485
0.8	1.2	60	100	0.887772	0.00637607	 0.00657492
1.2	1.6	60	100	0.916947	0.00577807	 0.00600181
1.6	2.1	60	100	0.869983	0.00730478	 0.00752373
2.1	2.4	60	100	0.850055	0.0133032	 0.013805
-2.4	-2.1	100	200	0.847337	0.033955	 0.038897
-2.1	-1.6	100	200	0.795474	0.0227811	 0.0240819
-1.6	-1.2	100	200	0.892361	0.0167472	 0.0185699
-1.2	-0.8	100	200	0.893585	0.0152864	 0.0168569
-0.8	-0.3	100	200	0.967642	0.00904414	 0.0103031
-0.3	-0.2	100	200	0.784075	0.0422087	 0.0441577
-0.2	0.2	100	200	0.924559	0.0123375	 0.0137888
0.2	0.3	100	200	0.847354	0.0415615	 0.0460937
0.3	0.8	100	200	0.963693	0.00767162	 0.0173185
0.8	1.2	100	200	0.893856	0.0182149	 0.0177949
1.2	1.6	100	200	0.852398	0.0212929	 0.0226206
1.6	2.1	100	200	0.852787	0.0192009	 0.0206786
2.1	2.4	100	200	0.797528	0.0469533	 0.0513991
