etamin	etamax	ptmin	ptmax	eff	deff_high	deff_low
-2.4	-2.1	10	12	0.609191	0.0505912	 0.046392
-2.1	-1.6	10	12	0.694852	0.0411551	 0.038435
-1.6	-1.2	10	12	0.755197	0.0570244	 0.0515263
-1.2	-0.8	10	12	0.63816	0.0482268	 0.0444536
-0.8	-0.3	10	12	0.643485	0.0758017	 0.0656495
-0.3	0.3	10	12	0.793632	0.206368	 0.140157
0.3	0.8	10	12	0.652629	0.0768807	 0.06567
0.8	1.2	10	12	0.613056	0.0464505	 0.0427027
1.2	1.6	10	12	0.671009	0.0475424	 0.0436988
1.6	2.1	10	12	0.702874	0.0400315	 0.0374584
2.1	2.4	10	12	0.570238	0.0469337	 0.0431632
-2.4	-2.1	12	14	0.711305	0.0414417	 0.0457666
-2.1	-1.6	12	14	0.75699	0.0284811	 0.0275562
-1.6	-1.2	12	14	0.81946	0.0346971	 0.0333734
-1.2	-0.8	12	14	0.679189	0.031062	 0.0299151
-0.8	-0.3	12	14	0.550219	0.0360329	 0.0338887
-0.3	0.3	12	14	0.718381	0.0638202	 0.0567939
0.3	0.8	12	14	0.650339	0.0469499	 0.0431441
0.8	1.2	12	14	0.72383	0.0345435	 0.0331091
1.2	1.6	12	14	0.75767	0.0327225	 0.0316022
1.6	2.1	12	14	0.733869	0.0269707	 0.0262032
2.1	2.4	12	14	0.712851	0.0366411	 0.0352244
-2.4	-2.1	14	16	0.709302	0.0275203	 0.026904
-2.1	-1.6	14	16	0.782865	0.0212928	 0.0211248
-1.6	-1.2	14	16	0.789469	0.0244601	 0.0241236
-1.2	-0.8	14	16	0.757837	0.0248238	 0.0243203
-0.8	-0.3	14	16	0.706889	0.0286876	 0.0277451
-0.3	0.3	14	16	0.611941	0.0316454	 0.0301301
0.3	0.8	14	16	0.730242	0.0299967	 0.0289587
0.8	1.2	14	16	0.715513	0.0243011	 0.0237222
1.2	1.6	14	16	0.757097	0.0238421	 0.0234511
1.6	2.1	14	16	0.797222	0.0218466	 0.0215096
2.1	2.4	14	16	0.70916	0.0277918	 0.0271758
-2.4	-2.1	16	18	0.719315	0.0229293	 0.0226715
-2.1	-1.6	16	18	0.854368	0.0175277	 0.0175215
-1.6	-1.2	16	18	0.796413	0.0173691	 0.0173365
-1.2	-0.8	16	18	0.764471	0.0176001	 0.0175156
-0.8	-0.3	16	18	0.698952	0.0185104	 0.0183615
-0.3	0.3	16	18	0.666964	0.0220381	 0.0215216
0.3	0.8	16	18	0.70076	0.0190476	 0.0187956
0.8	1.2	16	18	0.778511	0.0185625	 0.0184745
1.2	1.6	16	18	0.844304	0.0183219	 0.0182963
1.6	2.1	16	18	0.797473	0.0155106	 0.0154888
2.1	2.4	16	18	0.743389	0.00127047	 0.00127047
-2.4	-2.1	18	20	0.782952	0.0177545	 0.0177176
-2.1	-1.6	18	20	0.823157	0.0132744	 0.0129056
-1.6	-1.2	18	20	0.853531	0.0135003	 0.0135504
-1.2	-0.8	18	20	0.795686	0.00108047	 0.00108047
-0.8	-0.3	18	20	0.781154	0.0145993	 0.0145583
-0.3	0.3	18	20	0.710272	0.0162757	 0.0161014
0.3	0.8	18	20	0.775584	0.0137248	 0.0139581
0.8	1.2	18	20	0.770218	0.0141955	 0.0142102
1.2	1.6	18	20	0.837214	0.0137978	 0.0138312
1.6	2.1	18	20	0.827776	0.0121816	 0.0122558
2.1	2.4	18	20	0.75266	0.0181498	 0.0181813
-2.4	-2.1	20	22	0.825887	0.014626	 0.0211193
-2.1	-1.6	20	22	0.877446	0.00993529	 0.0100439
-1.6	-1.2	20	22	0.846839	0.0109312	 0.0110313
-1.2	-0.8	20	22	0.841294	0.0109346	 0.0110659
-0.8	-0.3	20	22	0.805234	0.0102989	 0.0103103
-0.3	0.3	20	22	0.780035	0.0116156	 0.0115981
0.3	0.8	20	22	0.80075	0.0110476	 0.0110884
0.8	1.2	20	22	0.844605	0.0115695	 0.0116614
1.2	1.6	20	22	0.856635	0.0125646	 0.0107974
1.6	2.1	20	22	0.841483	0.00983061	 0.00994469
2.1	2.4	20	22	0.807477	0.0139516	 0.0140601
-2.4	-2.1	22	24	0.835947	0.0117898	 0.0119255
-2.1	-1.6	22	24	0.873783	0.00804896	 0.00819691
-1.6	-1.2	22	24	0.889372	0.00874421	 0.00886121
-1.2	-0.8	22	24	0.862499	0.00869574	 0.00880934
-0.8	-0.3	22	24	0.835331	0.00857072	 0.00866954
-0.3	0.3	22	24	0.809229	0.00819311	 0.0082229
0.3	0.8	22	24	0.845825	0.00820352	 0.00827445
0.8	1.2	22	24	0.857275	0.0088594	 0.00896709
1.2	1.6	22	24	0.884176	0.0088471	 0.00897135
1.6	2.1	22	24	0.885313	0.00790987	 0.00803464
2.1	2.4	22	24	0.828625	0.011846	 0.0120183
-2.4	-2.1	24	26	0.853918	0.0105695	 0.0107679
-2.1	-1.6	24	26	0.885645	0.00689143	 0.00699469
-1.6	-1.2	24	26	0.909142	0.00703343	 0.00718785
-1.2	-0.8	24	26	0.892147	0.00727263	 0.007398
-0.8	-0.3	24	26	0.853794	0.0067163	 0.0067826
-0.3	0.3	24	26	0.842573	0.00628315	 0.00632814
0.3	0.8	24	26	0.868025	0.00658143	 0.00666467
0.8	1.2	24	26	0.876987	0.00757513	 0.00768269
1.2	1.6	24	26	0.8939	0.00723619	 0.0073691
1.6	2.1	24	26	0.895945	0.0066707	 0.00680145
2.1	2.4	24	26	0.843579	0.0102603	 0.0104021
-2.4	-2.1	26	30	0.876984	0.00623406	 0.00630964
-2.1	-1.6	26	30	0.920229	0.00378968	 0.00384143
-1.6	-1.2	26	30	0.924062	0.00404354	 0.00409984
-1.2	-0.8	26	30	0.893534	0.00426723	 0.00431047
-0.8	-0.3	26	30	0.881438	0.00364956	 0.00368079
-0.3	0.3	26	30	0.868091	0.00314166	 0.00316625
0.3	0.8	26	30	0.889795	0.00359029	 0.00362561
0.8	1.2	26	30	0.89539	0.00424388	 0.00428894
1.2	1.6	26	30	0.922084	0.0041009	 0.00416732
1.6	2.1	26	30	0.917397	0.00379747	 0.00384988
2.1	2.4	26	30	0.870336	0.00616378	 0.00626097
-2.4	-2.1	30	35	0.902932	0.00440143	 0.0044528
-2.1	-1.6	30	35	0.939126	0.00254247	 0.00257612
-1.6	-1.2	30	35	0.944519	0.00266185	 0.00270133
-1.2	-0.8	30	35	0.925906	0.00267025	 0.00270476
-0.8	-0.3	30	35	0.918285	0.00214196	 0.00216677
-0.3	0.3	30	35	0.905224	0.0019522	 0.00196201
0.3	0.8	30	35	0.918325	0.00216144	 0.00218305
0.8	1.2	30	35	0.9258	0.00266355	 0.00268505
1.2	1.6	30	35	0.941402	0.00269591	 0.00272886
1.6	2.1	30	35	0.938432	0.00247926	 0.00251091
2.1	2.4	30	35	0.892593	0.00432646	 0.00437147
-2.4	-2.1	35	40	0.915363	0.00345937	 0.00350866
-2.1	-1.6	35	40	0.956623	0.00182254	 0.00185009
-1.6	-1.2	35	40	0.959873	0.00179237	 0.00182776
-1.2	-0.8	35	40	0.944738	0.00176347	 0.00178384
-0.8	-0.3	35	40	0.94296	0.00150057	 0.00151224
-0.3	0.3	35	40	0.926415	0.00148533	 0.00149636
0.3	0.8	35	40	0.943697	0.00146756	 0.00148918
0.8	1.2	35	40	0.945693	0.00180636	 0.00181167
1.2	1.6	35	40	0.960788	0.00176532	 0.00179857
1.6	2.1	35	40	0.959814	0.00173359	 0.00176363
2.1	2.4	35	40	0.909034	0.00341823	 0.00346528
-2.4	-2.1	40	60	0.935168	0.00192372	 0.00194728
-2.1	-1.6	40	60	0.972728	0.000854706	 0.000864708
-1.6	-1.2	40	60	0.979032	0.000743577	 0.000755307
-1.2	-0.8	40	60	0.971767	0.000778011	 0.000787399
-0.8	-0.3	40	60	0.96594	0.000733259	 0.000741459
-0.3	0.3	40	60	0.952294	0.000766726	 0.000772285
0.3	0.8	40	60	0.968424	0.000713724	 0.000718045
0.8	1.2	40	60	0.96819	0.000803304	 0.000814718
1.2	1.6	40	60	0.978344	0.000744728	 0.000755432
1.6	2.1	40	60	0.975655	0.000794055	 0.00080194
2.1	2.4	40	60	0.938733	0.00184374	 0.001859
-2.4	-2.1	60	100	0.940227	0.00731075	 0.00743026
-2.1	-1.6	60	100	0.979226	0.00328213	 0.00337669
-1.6	-1.2	60	100	0.986672	0.00262208	 0.00271604
-1.2	-0.8	60	100	0.975382	0.00256738	 0.00265173
-0.8	-0.3	60	100	0.981391	0.00216456	 0.00221417
-0.3	0.3	60	100	0.970308	0.00226593	 0.00231517
0.3	0.8	60	100	0.979009	0.00224209	 0.00229543
0.8	1.2	60	100	0.974574	0.00257239	 0.00266115
1.2	1.6	60	100	0.989283	0.002475	 0.0025835
1.6	2.1	60	100	0.983286	0.00287259	 0.00297549
2.1	2.4	60	100	0.953555	0.00665328	 0.00679875
-2.4	-2.1	100	200	0.969605	0.0303946	 0.0456895
-2.1	-1.6	100	200	0.989647	0.0103527	 0.0147399
-1.6	-1.2	100	200	0.973115	0.0121619	 0.0127334
-1.2	-0.8	100	200	0.975677	0.00856672	 0.00914916
-0.8	-0.3	100	200	0.987107	0.0070539	 0.00761957
-0.3	0.3	100	200	0.982479	0.00728964	 0.00771951
0.3	0.8	100	200	0.981033	0.00647612	 0.00695554
0.8	1.2	100	200	0.965634	0.00950398	 0.0100967
1.2	1.6	100	200	0.98561	0.0108281	 0.011596
1.6	2.1	100	200	0.987623	0.0112929	 0.0118445
2.1	2.4	100	200	0.930516	0.0354067	 0.0348806
