etamin	etamax	ptmin	ptmax	eff	deff_high	deff_low
-2.4	-2.1	10	13	0.917859	0.0150642	 0.0159028
-2.1	-1.6	10	13	0.972875	0.00740732	 0.00806567
-1.6	-1.2	10	13	0.974193	0.00721237	 0.00789104
-1.2	-0.8	10	13	0.952556	0.0093244	 0.0100753
-0.8	-0.3	10	13	0.982396	0.00756937	 0.00845733
-0.3	-0.2	10	13	0.819396	0.0432678	 0.0471485
-0.2	0.2	10	13	0.961169	0.01454	 0.0164367
0.2	0.3	10	13	0.898271	0.0424894	 0.0459573
0.3	0.8	10	13	0.973427	0.00865013	 0.00978422
0.8	1.2	10	13	0.966152	0.00832894	 0.00912239
1.2	1.6	10	13	0.976267	0.00704193	 0.00773166
1.6	2.1	10	13	0.973414	0.00708864	 0.00770331
2.1	2.4	10	13	0.924017	0.0129437	 0.0136419
-2.4	-2.1	13	16	0.94349	0.00872845	 0.00932683
-2.1	-1.6	13	16	0.97807	0.0046861	 0.00512302
-1.6	-1.2	13	16	0.974719	0.00533942	 0.00587886
-1.2	-0.8	13	16	0.957357	0.0061432	 0.00661227
-0.8	-0.3	13	16	0.964984	0.00467718	 0.00507412
-0.3	-0.2	13	16	0.941336	0.0151057	 0.0175045
-0.2	0.2	13	16	0.965657	0.00827451	 0.00901783
0.2	0.3	13	16	0.884696	0.0283695	 0.042688
0.3	0.8	13	16	0.970398	0.00544138	 0.00593653
0.8	1.2	13	16	0.969975	0.00540216	 0.00585962
1.2	1.6	13	16	0.983171	0.00455193	 0.00505281
1.6	2.1	13	16	0.977529	0.00514949	 0.0055966
2.1	2.4	13	16	0.935158	0.0100281	 0.0107064
-2.4	-2.1	16	20	0.94034	0.00630933	 0.00672224
-2.1	-1.6	16	20	0.982539	0.00282575	 0.00309022
-1.6	-1.2	16	20	0.988773	0.00276713	 0.00301168
-1.2	-0.8	16	20	0.968423	0.00370517	 0.00392018
-0.8	-0.3	16	20	0.979335	0.00220802	 0.00238692
-0.3	-0.2	16	20	0.880415	0.0131664	 0.0139201
-0.2	0.2	16	20	0.979803	0.00360465	 0.00391557
0.2	0.3	16	20	0.890968	0.0142196	 0.0220324
0.3	0.8	16	20	0.983501	0.00262395	 0.00281893
0.8	1.2	16	20	0.962413	0.00392097	 0.00413976
1.2	1.6	16	20	0.98731	0.00266242	 0.00290164
1.6	2.1	16	20	0.981622	0.00292268	 0.00311283
2.1	2.4	16	20	0.942728	0.00497154	 0.00526295
-2.4	-2.1	20	25	0.964122	0.00353005	 0.00367602
-2.1	-1.6	20	25	0.985185	0.00163846	 0.00172019
-1.6	-1.2	20	25	0.989802	0.00150964	 0.00163724
-1.2	-0.8	20	25	0.973696	0.00230083	 0.00242337
-0.8	-0.3	20	25	0.987458	0.00136435	 0.00143492
-0.3	-0.2	20	25	0.896343	0.00718439	 0.00734242
-0.2	0.2	20	25	0.978447	0.0020069	 0.00209472
0.2	0.3	20	25	0.892235	0.00696065	 0.00723009
0.3	0.8	20	25	0.98244	0.0014989	 0.00154504
0.8	1.2	20	25	0.971352	0.00232109	 0.00241634
1.2	1.6	20	25	0.990937	0.00143248	 0.00153885
1.6	2.1	20	25	0.986664	0.00158603	 0.00168082
2.1	2.4	20	25	0.965021	0.00317375	 0.00332563
-2.4	-2.1	25	30	0.955776	0.00294962	 0.00301657
-2.1	-1.6	25	30	0.988009	0.00118894	 0.00124568
-1.6	-1.2	25	30	0.994971	0.000899236	 0.000972156
-1.2	-0.8	25	30	0.974201	0.00163699	 0.00155368
-0.8	-0.3	25	30	0.988486	0.000931728	 0.00096852
-0.3	-0.2	25	30	0.901787	0.00487297	 0.00488643
-0.2	0.2	25	30	0.975551	0.00116502	 0.00119597
0.2	0.3	25	30	0.884998	0.00508532	 0.00521047
0.3	0.8	25	30	0.985362	0.000934419	 0.000965382
0.8	1.2	25	30	0.974541	0.00176083	 0.0018138
1.2	1.6	25	30	0.991596	0.00110911	 0.00116918
1.6	2.1	25	30	0.988819	0.00114614	 0.00121134
2.1	2.4	25	30	0.959703	0.00282911	 0.00279601
-2.4	-2.1	30	40	0.95993	0.00162218	 0.00166621
-2.1	-1.6	30	40	0.987445	0.000655716	 0.000667021
-1.6	-1.2	30	40	0.992772	0.000525862	 0.000542519
-1.2	-0.8	30	40	0.973664	0.000851052	 0.000842322
-0.8	-0.3	30	40	0.989154	0.000453511	 0.000453965
-0.3	-0.2	30	40	0.89673	0.00260996	 0.0026297
-0.2	0.2	30	40	0.978477	0.000672897	 0.000674642
0.2	0.3	30	40	0.895341	0.00257813	 0.00262371
0.3	0.8	30	40	0.987337	0.000474605	 0.000458787
0.8	1.2	30	40	0.973613	0.000811581	 0.00081094
1.2	1.6	30	40	0.991488	0.000568148	 0.000587639
1.6	2.1	30	40	0.988314	0.000640738	 0.000655863
2.1	2.4	30	40	0.963271	0.00156387	 0.00159429
-2.4	-2.1	40	60	0.964087	0.00126409	 0.00128194
-2.1	-1.6	40	60	0.987554	0.000472355	 0.000479312
-1.6	-1.2	40	60	0.993437	0.000366609	 0.000376955
-1.2	-0.8	40	60	0.976041	0.000633813	 0.000643043
-0.8	-0.3	40	60	0.989922	0.000359829	 0.000366767
-0.3	-0.2	40	60	0.898993	0.00236664	 0.00235387
-0.2	0.2	40	60	0.979906	0.000516583	 0.000530294
0.2	0.3	40	60	0.894119	0.00234023	 0.00235114
0.3	0.8	40	60	0.988862	0.000381985	 0.00038726
0.8	1.2	40	60	0.975654	0.000641049	 0.000649243
1.2	1.6	40	60	0.993184	0.000369806	 0.000381072
1.6	2.1	40	60	0.986738	0.000498639	 0.000509762
2.1	2.4	40	60	0.965735	0.00119554	 0.0012115
-2.4	-2.1	60	100	0.968327	0.00403292	 0.00422183
-2.1	-1.6	60	100	0.984283	0.00176413	 0.00185048
-1.6	-1.2	60	100	0.993732	0.00134448	 0.00134448
-1.2	-0.8	60	100	0.978281	0.00205755	 0.00214017
-0.8	-0.3	60	100	0.989069	0.00109624	 0.00117548
-0.3	-0.2	60	100	0.89087	0.00799502	 0.00828162
-0.2	0.2	60	100	0.981236	0.00176229	 0.00185382
0.2	0.3	60	100	0.884831	0.00846524	 0.00863632
0.3	0.8	60	100	0.987142	0.0011745	 0.00125231
0.8	1.2	60	100	0.976241	0.00205707	 0.0021506
1.2	1.6	60	100	0.991196	0.00208319	 0.00234066
1.6	2.1	60	100	0.983298	0.00182722	 0.00192368
2.1	2.4	60	100	0.968678	0.00428623	 0.00453466
-2.4	-2.1	100	200	0.943475	0.0132004	 0.015481
-2.1	-1.6	100	200	0.984886	0.00577824	 0.0068275
-1.6	-1.2	100	200	0.994969	0.00227433	 0.00326806
-1.2	-0.8	100	200	0.970895	0.00576587	 0.0091205
-0.8	-0.3	100	200	0.982619	0.00393107	 0.00461925
-0.3	-0.2	100	200	0.838212	0.0257348	 0.0280739
-0.2	0.2	100	200	0.988725	0.00399872	 0.0043486
0.2	0.3	100	200	0.935643	0.0180941	 0.0214383
0.3	0.8	100	200	0.987285	0.00387733	 0.00442526
0.8	1.2	100	200	0.969183	0.00617586	 0.00686437
1.2	1.6	100	200	0.994282	0.00264013	 0.00354515
1.6	2.1	100	200	0.982809	0.00654024	 0.00775223
2.1	2.4	100	200	0.938084	0.0152737	 0.0169258
