etamin	etamax	ptmin	ptmax	eff	deff_high	deff_low
-2.4	-2.1	10	20	0	0	 0
-2.1	-1.6	10	20	0	0	 0
-1.6	-1.2	10	20	0	0	 0
-1.2	-0.8	10	20	0	0	 0
-0.8	-0.3	10	20	0	0	 0
-0.3	-0.2	10	20	0	0	 0
-0.2	0.2	10	20	0	0	 0
0.2	0.3	10	20	0	0	 0
0.3	0.8	10	20	0	0	 0
0.8	1.2	10	20	0	0	 0
1.2	1.6	10	20	0	0	 0
1.6	2.1	10	20	0	0	 0
2.1	2.4	10	20	0	0	 0
-2.4	-2.1	20	21	0.0240975	0.00490926	 0.00432635
-2.1	-1.6	20	21	0.0121159	0.00247274	 0.0021772
-1.6	-1.2	20	21	0	0	 0
-1.2	-0.8	20	21	0	0	 0
-0.8	-0.3	20	21	0	0	 0
-0.3	-0.2	20	21	0	0	 0
-0.2	0.2	20	21	0	0	 0
0.2	0.3	20	21	0	0	 0
0.3	0.8	20	21	0	0	 0
0.8	1.2	20	21	0	0	 0
1.2	1.6	20	21	0.0106583	0.00310207	 0.00272593
1.6	2.1	20	21	0.0108181	0.00231857	 0.00202407
2.1	2.4	20	21	0.0206513	0.0048252	 0.00435973
-2.4	-2.1	21	22	0.025547	0.00542456	 0.0049617
-2.1	-1.6	21	22	0.0213853	0.00290204	 0.00266739
-1.6	-1.2	21	22	0.0120266	0.00292342	 0.00271661
-1.2	-0.8	21	22	0.0108723	0.00269264	 0.00238854
-0.8	-0.3	21	22	0	0	 0
-0.3	-0.2	21	22	0	0	 0
-0.2	0.2	21	22	0	0	 0
0.2	0.3	21	22	0	0	 0
0.3	0.8	21	22	0	0	 0
0.8	1.2	21	22	0	0	 0
1.2	1.6	21	22	0.0139026	0.00319626	 0.00287832
1.6	2.1	21	22	0.0196692	0.0036178	 0.00334279
2.1	2.4	21	22	0.026063	0.00475041	 0.00424166
-2.4	-2.1	22	23	0.109016	0.00918875	 0.00902067
-2.1	-1.6	22	23	0.0934248	0.00601885	 0.00587017
-1.6	-1.2	22	23	0.0634121	0.00580414	 0.00561544
-1.2	-0.8	22	23	0.0592807	0.00942262	 0.00541244
-0.8	-0.3	22	23	0.0521828	0.00408127	 0.00388716
-0.3	-0.2	22	23	0.049004	0.0102905	 0.00973869
-0.2	0.2	22	23	0.0538687	0.00469706	 0.00440286
0.2	0.3	22	23	0.0583165	0.0123705	 0.0111605
0.3	0.8	22	23	0.0514401	0.0043729	 0.0042557
0.8	1.2	22	23	0.0572398	0.00523535	 0.00504045
1.2	1.6	22	23	0.0670528	0.00570184	 0.00547798
1.6	2.1	22	23	0.0899746	0.00655701	 0.0062613
2.1	2.4	22	23	0.108784	0.00907531	 0.00881877
-2.4	-2.1	23	24	0.496326	0.000242895	 0.000242895
-2.1	-1.6	23	24	0.656705	0.00885007	 0.0088269
-1.6	-1.2	23	24	0.778528	0.00798835	 0.00812711
-1.2	-0.8	23	24	0.810993	0.00803859	 0.00818387
-0.8	-0.3	23	24	0.860432	0.00596875	 0.00600404
-0.3	-0.2	23	24	0.701247	0.0174306	 0.0178386
-0.2	0.2	23	24	0.838584	0.00730833	 0.00738797
0.2	0.3	23	24	0.745767	0.0187127	 0.0189035
0.3	0.8	23	24	0.866461	0.00592086	 0.00601312
0.8	1.2	23	24	0.818344	0.00718055	 0.00736207
1.2	1.6	23	24	0.750137	0.0131453	 0.00921419
1.6	2.1	23	24	0.675507	0.00849876	 0.0085292
2.1	2.4	23	24	0.501762	0.013542	 0.01354
-2.4	-2.1	24	25	0.634068	0.0118222	 0.0120082
-2.1	-1.6	24	25	0.76416	0.00763684	 0.00764598
-1.6	-1.2	24	25	0.851659	0.00644146	 0.0066016
-1.2	-0.8	24	25	0.886147	0.00568406	 0.00587299
-0.8	-0.3	24	25	0.931047	0.00418564	 0.00432077
-0.3	-0.2	24	25	0.78359	0.0151045	 0.0153202
-0.2	0.2	24	25	0.918383	0.00489936	 0.00503741
0.2	0.3	24	25	0.790885	0.014633	 0.0153694
0.3	0.8	24	25	0.940067	0.00392506	 0.00403171
0.8	1.2	24	25	0.886777	0.00561159	 0.0057936
1.2	1.6	24	25	0.863106	0.00670358	 0.00676178
1.6	2.1	24	25	0.79331	0.00691144	 0.0070554
2.1	2.4	24	25	0.635356	0.0127754	 0.0166777
-2.4	-2.1	25	26	0.682947	0.016839	 0.0106497
-2.1	-1.6	25	26	0.786243	0.00736905	 0.00722074
-1.6	-1.2	25	26	0.87792	0.00617395	 0.00623264
-1.2	-0.8	25	26	0.901144	0.00494945	 0.0051246
-0.8	-0.3	25	26	0.943825	0.00344173	 0.00353653
-0.3	-0.2	25	26	0.776937	0.0150408	 0.0155732
-0.2	0.2	25	26	0.928241	0.00415447	 0.00419433
0.2	0.3	25	26	0.81931	0.0153519	 0.0139897
0.3	0.8	25	26	0.94801	0.00386183	 0.00455881
0.8	1.2	25	26	0.894671	0.00556059	 0.00564069
1.2	1.6	25	26	0.872048	0.00579733	 0.00592529
1.6	2.1	25	26	0.804254	0.00659618	 0.0066357
2.1	2.4	25	26	0.657209	0.0113951	 0.0114896
-2.4	-2.1	26	30	0.718517	0.00516841	 0.00511034
-2.1	-1.6	26	30	0.817543	0.00304253	 0.00305493
-1.6	-1.2	26	30	0.896528	0.0025626	 0.00247738
-1.2	-0.8	26	30	0.916571	0.00209181	 0.00211827
-0.8	-0.3	26	30	0.942421	0.00156374	 0.00154395
-0.3	-0.2	26	30	0.803708	0.00573338	 0.00576231
-0.2	0.2	26	30	0.927899	0.00171987	 0.00172612
0.2	0.3	26	30	0.830478	0.00515954	 0.00521103
0.3	0.8	26	30	0.947594	0.00141759	 0.00144527
0.8	1.2	26	30	0.911385	0.00220425	 0.0022005
1.2	1.6	26	30	0.885341	0.00273385	 0.00264275
1.6	2.1	26	30	0.831101	0.00297185	 0.00300331
2.1	2.4	26	30	0.702929	0.0053808	 0.00503014
-2.4	-2.1	30	40	0.782993	0.00230432	 0.0023115
-2.1	-1.6	30	40	0.837745	0.00143583	 0.00143733
-1.6	-1.2	30	40	0.90928	0.00112882	 0.0011184
-1.2	-0.8	30	40	0.924899	0.00094885	 0.000951682
-0.8	-0.3	30	40	0.941446	0.000679637	 0.000682387
-0.3	-0.2	30	40	0.801085	0.00265582	 0.00268172
-0.2	0.2	30	40	0.928519	0.000820784	 0.000812897
0.2	0.3	30	40	0.838611	0.00244681	 0.00245899
0.3	0.8	30	40	0.946216	0.000643572	 0.000645077
0.8	1.2	30	40	0.918319	0.000981971	 0.000974559
1.2	1.6	30	40	0.902738	0.00114087	 0.00114757
1.6	2.1	30	40	0.847631	0.00140333	 0.00137078
2.1	2.4	30	40	0.764645	0.00241308	 0.00235718
-2.4	-2.1	40	60	0.811524	0.00186632	 0.00178964
-2.1	-1.6	40	60	0.847698	0.00109424	 0.00109641
-1.6	-1.2	40	60	0.906668	0.000842534	 0.000843195
-1.2	-0.8	40	60	0.925408	0.00144453	 0.00144453
-0.8	-0.3	40	60	0.94169	0.000557981	 0.000557792
-0.3	-0.2	40	60	0.799381	0.00220935	 0.00220961
-0.2	0.2	40	60	0.928834	0.000700022	 0.000698982
0.2	0.3	40	60	0.837986	0.00203753	 0.00203753
0.3	0.8	40	60	0.9462	0.000543134	 0.000540394
0.8	1.2	40	60	0.920159	0.00162877	 0.00162877
1.2	1.6	40	60	0.903443	0.000859189	 0.000856662
1.6	2.1	40	60	0.851074	0.00222662	 0.00222662
2.1	2.4	40	60	0.790047	0.00197306	 0.00197623
-2.4	-2.1	60	100	0.827619	0.00678704	 0.00683193
-2.1	-1.6	60	100	0.841854	0.00363379	 0.00367643
-1.6	-1.2	60	100	0.858995	0.00330586	 0.00328049
-1.2	-0.8	60	100	0.9229	0.00227616	 0.0022888
-0.8	-0.3	60	100	0.939642	0.00182657	 0.00182714
-0.3	-0.2	60	100	0.786957	0.00734388	 0.00739567
-0.2	0.2	60	100	0.928451	0.00225649	 0.00229357
0.2	0.3	60	100	0.82523	0.00673778	 0.00682617
0.3	0.8	60	100	0.948139	0.00168005	 0.0016784
0.8	1.2	60	100	0.914651	0.00243338	 0.00246171
1.2	1.6	60	100	0.877289	0.00306737	 0.00307139
1.6	2.1	60	100	0.846777	0.00325099	 0.00330027
2.1	2.4	60	100	0.78887	0.00641816	 0.00644712
-2.4	-2.1	100	200	0.772062	0.0279589	 0.0287835
-2.1	-1.6	100	200	0.801049	0.0102883	 0.0105264
-1.6	-1.2	100	200	0.784694	0.0118099	 0.0121027
-1.2	-0.8	100	200	0.930361	0.00641203	 0.00665996
-0.8	-0.3	100	200	0.941347	0.00525509	 0.00551174
-0.3	-0.2	100	200	0.81095	0.0188293	 0.0199793
-0.2	0.2	100	200	0.927224	0.00574539	 0.00601673
0.2	0.3	100	200	0.840446	0.0181798	 0.0189067
0.3	0.8	100	200	0.936957	0.00530204	 0.00553542
0.8	1.2	100	200	0.893186	0.0078759	 0.00814652
1.2	1.6	100	200	0.795844	0.0109061	 0.0110928
1.6	2.1	100	200	0.806806	0.0116647	 0.0112945
2.1	2.4	100	200	0.76953	0.0234906	 0.0240089
