etamin	etamax	ptmin	ptmax	eff	deff_high	deff_low
-2.4	-2.1	10	13	0.921784	0.0100555	 0.010565
-2.1	-1.6	10	13	0.918392	0.00613373	 0.00647721
-1.6	-1.2	10	13	0.930952	0.00725753	 0.00756101
-1.2	-0.8	10	13	0.919572	0.00927375	 0.00976857
-0.8	-0.3	10	13	0.945433	0.00878244	 0.00931572
-0.3	-0.2	10	13	0.806001	0.0444814	 0.044802
-0.2	0.2	10	13	0.906109	0.0149584	 0.0160949
0.2	0.3	10	13	0.798211	0.0436281	 0.0453212
0.3	0.8	10	13	0.946256	0.00849944	 0.0088718
0.8	1.2	10	13	0.937471	0.00680312	 0.00740978
1.2	1.6	10	13	0.930376	0.00757213	 0.00805692
1.6	2.1	10	13	0.922491	0.00690817	 0.00757093
2.1	2.4	10	13	0.893414	0.0106168	 0.0108296
-2.4	-2.1	13	16	0.91571	0.00799612	 0.0084655
-2.1	-1.6	13	16	0.913779	0.00521768	 0.00542224
-1.6	-1.2	13	16	0.943829	0.005296	 0.00558078
-1.2	-0.8	13	16	0.934525	0.00538621	 0.00566994
-0.8	-0.3	13	16	0.942916	0.00510208	 0.00541979
-0.3	-0.2	13	16	0.81117	0.0319424	 0.0340296
-0.2	0.2	13	16	0.919661	0.00872457	 0.00892968
0.2	0.3	13	16	0.789712	0.0254104	 0.0273691
0.3	0.8	13	16	0.935125	0.0053362	 0.00560246
0.8	1.2	13	16	0.936245	0.00610007	 0.00645068
1.2	1.6	13	16	0.941977	0.00862595	 0.00491337
1.6	2.1	13	16	0.929531	0.00467056	 0.00484831
2.1	2.4	13	16	0.938725	0.0071432	 0.00751776
-2.4	-2.1	16	20	0.924045	0.00522041	 0.00539676
-2.1	-1.6	16	20	0.924745	0.00549295	 0.00349371
-1.6	-1.2	16	20	0.948023	0.00313267	 0.0032242
-1.2	-0.8	16	20	0.94254	0.00331584	 0.00344152
-0.8	-0.3	16	20	0.946482	0.00322725	 0.00329752
-0.3	-0.2	16	20	0.796643	0.0146357	 0.0151725
-0.2	0.2	16	20	0.933592	0.00519435	 0.00583788
0.2	0.3	16	20	0.795405	0.0134448	 0.0167075
0.3	0.8	16	20	0.949043	0.00333658	 0.00345486
0.8	1.2	16	20	0.932541	0.00311955	 0.00321826
1.2	1.6	16	20	0.950594	0.00311955	 0.00321826
1.6	2.1	16	20	0.92942	0.00321265	 0.00329473
2.1	2.4	16	20	0.922244	0.00580044	 0.00646636
-2.4	-2.1	20	25	0.92441	0.00305513	 0.00313813
-2.1	-1.6	20	25	0.928672	0.00237829	 0.00223073
-1.6	-1.2	20	25	0.954133	0.00220819	 0.00228768
-1.2	-0.8	20	25	0.946885	0.00230672	 0.00227005
-0.8	-0.3	20	25	0.94665	0.00189972	 0.00186578
-0.3	-0.2	20	25	0.802177	0.00779321	 0.0079552
-0.2	0.2	20	25	0.931274	0.00238521	 0.00240365
0.2	0.3	20	25	0.832906	0.00761502	 0.00777776
0.3	0.8	20	25	0.951039	0.0017952	 0.00181746
0.8	1.2	20	25	0.940762	0.00213891	 0.00217154
1.2	1.6	20	25	0.952696	0.00210163	 0.00214514
1.6	2.1	20	25	0.929549	0.00229983	 0.00229288
2.1	2.4	20	25	0.929287	0.00336965	 0.00347421
-2.4	-2.1	25	30	0.938357	0.00258397	 0.0026444
-2.1	-1.6	25	30	0.928618	0.00182067	 0.00182714
-1.6	-1.2	25	30	0.95393	0.00145433	 0.00148096
-1.2	-0.8	25	30	0.945249	0.00156358	 0.00158279
-0.8	-0.3	25	30	0.947631	0.00135941	 0.00135399
-0.3	-0.2	25	30	0.809328	0.00516386	 0.00519853
-0.2	0.2	25	30	0.930766	0.00155078	 0.00155606
0.2	0.3	25	30	0.838508	0.00478795	 0.00480306
0.3	0.8	25	30	0.95087	0.00123296	 0.00124367
0.8	1.2	25	30	0.940555	0.00170546	 0.00170594
1.2	1.6	25	30	0.953937	0.00169547	 0.00176773
1.6	2.1	25	30	0.93163	0.00183164	 0.00184132
2.1	2.4	25	30	0.92737	0.0027143	 0.00271197
-2.4	-2.1	30	40	0.936	0.00139464	 0.0014212
-2.1	-1.6	30	40	0.927092	0.00100913	 0.00101305
-1.6	-1.2	30	40	0.951574	0.000801548	 0.000799031
-1.2	-0.8	30	40	0.945954	0.000809984	 0.00081013
-0.8	-0.3	30	40	0.944735	0.000659362	 0.000661292
-0.3	-0.2	30	40	0.806909	0.00262616	 0.00264063
-0.2	0.2	30	40	0.92991	0.000804426	 0.000806679
0.2	0.3	30	40	0.845211	0.00241114	 0.00241141
0.3	0.8	30	40	0.949353	0.00062757	 0.000628428
0.8	1.2	30	40	0.940915	0.000840376	 0.000844918
1.2	1.6	30	40	0.9509	0.000835515	 0.000838537
1.6	2.1	30	40	0.931368	0.000969705	 0.000970042
2.1	2.4	30	40	0.933121	0.0014733	 0.00145918
-2.4	-2.1	40	60	0.936111	0.00119395	 0.00119916
-2.1	-1.6	40	60	0.929352	0.00077524	 0.000773659
-1.6	-1.2	40	60	0.944813	0.000664317	 0.00066612
-1.2	-0.8	40	60	0.946178	0.000612788	 0.000603172
-0.8	-0.3	40	60	0.94569	0.000541282	 0.000541426
-0.3	-0.2	40	60	0.807712	0.00218438	 0.0021837
-0.2	0.2	40	60	0.932143	0.000686683	 0.00068618
0.2	0.3	40	60	0.846516	0.00216316	 0.00221274
0.3	0.8	40	60	0.950232	0.000522326	 0.000519844
0.8	1.2	40	60	0.942151	0.00152704	 0.000611206
1.2	1.6	40	60	0.947865	0.000643254	 0.000625672
1.6	2.1	40	60	0.930117	0.000762981	 0.000781361
2.1	2.4	40	60	0.933149	0.00122559	 0.00123837
-2.4	-2.1	60	100	0.928478	0.00430764	 0.0043586
-2.1	-1.6	60	100	0.927643	0.00259186	 0.00264142
-1.6	-1.2	60	100	0.901759	0.00286194	 0.0028934
-1.2	-0.8	60	100	0.946227	0.00198683	 0.00196436
-0.8	-0.3	60	100	0.943088	0.00179887	 0.00180873
-0.3	-0.2	60	100	0.793926	0.00719169	 0.00725393
-0.2	0.2	60	100	0.931066	0.00220894	 0.00224554
0.2	0.3	60	100	0.83255	0.00666677	 0.00670191
0.3	0.8	60	100	0.952312	0.00157208	 0.00157432
0.8	1.2	60	100	0.940784	0.00202457	 0.00205586
1.2	1.6	60	100	0.92179	0.00235576	 0.002384
1.6	2.1	60	100	0.927335	0.00235576	 0.002384
2.1	2.4	60	100	0.921849	0.00433336	 0.00439785
-2.4	-2.1	100	200	0.860058	0.0226659	 0.0235404
-2.1	-1.6	100	200	0.878569	0.00889054	 0.00904084
-1.6	-1.2	100	200	0.822934	0.0109542	 0.011245
-1.2	-0.8	100	200	0.953289	0.00550555	 0.00584921
-0.8	-0.3	100	200	0.945739	0.00598908	 0.00598908
-0.3	-0.2	100	200	0.816815	0.0185036	 0.0196774
-0.2	0.2	100	200	0.929758	0.00562162	 0.00593196
0.2	0.3	100	200	0.843763	0.0178353	 0.0185761
0.3	0.8	100	200	0.943575	0.00507312	 0.00532026
0.8	1.2	100	200	0.917708	0.00683192	 0.00710699
1.2	1.6	100	200	0.846042	0.00984647	 0.0101036
1.6	2.1	100	200	0.878706	0.00875208	 0.00921539
2.1	2.4	100	200	0.903622	0.0186881	 0.020595
