etamin	etamax	ptmin	ptmax	eff	deff_high	deff_low
-2.4	-2.1	10	13	0.727885	0.0172306	 0.015455
-2.1	-1.6	10	13	0.743268	0.0106882	 0.0107321
-1.6	-1.2	10	13	0.723975	0.0123583	 0.0125554
-1.2	-0.8	10	13	0.686269	0.0144994	 0.0146498
-0.8	-0.3	10	13	0.618837	0.0166706	 0.0168263
-0.3	-0.2	10	13	0.559885	0.044228	 0.0354842
-0.2	0.2	10	13	0.568519	0.0219049	 0.0220514
0.2	0.3	10	13	0.620697	0.0514436	 0.0487482
0.3	0.8	10	13	0.635141	0.0161386	 0.0162491
0.8	1.2	10	13	0.706267	0.0140169	 0.0140939
1.2	1.6	10	13	0.729254	0.0146991	 0.0126522
1.6	2.1	10	13	0.751983	0.0104542	 0.0105762
2.1	2.4	10	13	0.729979	0.01286	 0.0128729
-2.4	-2.1	13	16	0.818749	0.0108032	 0.0110112
-2.1	-1.6	13	16	0.817981	0.00769035	 0.00784077
-1.6	-1.2	13	16	0.781508	0.00902102	 0.0090608
-1.2	-0.8	13	16	0.732182	0.00992408	 0.00998716
-0.8	-0.3	13	16	0.695717	0.0105087	 0.0105949
-0.3	-0.2	13	16	0.672019	0.0308588	 0.0311121
-0.2	0.2	13	16	0.67925	0.0140947	 0.0142578
0.2	0.3	13	16	0.634002	0.0322165	 0.0282307
0.3	0.8	13	16	0.700039	0.0101736	 0.0102492
0.8	1.2	13	16	0.722434	0.0100217	 0.0101113
1.2	1.6	13	16	0.765405	0.00913867	 0.00924742
1.6	2.1	13	16	0.817642	0.00772291	 0.00782148
2.1	2.4	13	16	0.811789	0.0109605	 0.0115208
-2.4	-2.1	16	20	0.851708	0.00716533	 0.00749037
-2.1	-1.6	16	20	0.85713	0.00468488	 0.00474847
-1.6	-1.2	16	20	0.822399	0.00562612	 0.00570508
-1.2	-0.8	16	20	0.799713	0.00604586	 0.00616028
-0.8	-0.3	16	20	0.749419	0.00601405	 0.00604958
-0.3	-0.2	16	20	0.741531	0.0160358	 0.0162801
-0.2	0.2	16	20	0.703816	0.00813109	 0.00834699
0.2	0.3	16	20	0.7172	0.0012102	 0.0012102
0.3	0.8	16	20	0.758672	0.0060707	 0.0062048
0.8	1.2	16	20	0.783504	0.00621452	 0.00631705
1.2	1.6	16	20	0.823873	0.00549845	 0.00556053
1.6	2.1	16	20	0.84844	0.00495253	 0.00499945
2.1	2.4	16	20	0.839168	0.00699553	 0.00712523
-2.4	-2.1	20	25	0.898361	0.00408865	 0.00419218
-2.1	-1.6	20	25	0.901328	0.00280039	 0.00284061
-1.6	-1.2	20	25	0.881236	0.00322893	 0.00327627
-1.2	-0.8	20	25	0.840761	0.0036568	 0.00370171
-0.8	-0.3	20	25	0.822461	0.00335682	 0.00339113
-0.3	-0.2	20	25	0.794871	0.00788822	 0.00768339
-0.2	0.2	20	25	0.803948	0.00405824	 0.00410585
0.2	0.3	20	25	0.795527	0.00787538	 0.00787253
0.3	0.8	20	25	0.825791	0.00330167	 0.00333801
0.8	1.2	20	25	0.85584	0.00355619	 0.0036232
1.2	1.6	20	25	0.868747	0.00341571	 0.00348321
1.6	2.1	20	25	0.89938	0.00285364	 0.00290458
2.1	2.4	20	25	0.897126	0.00410957	 0.00421957
-2.4	-2.1	25	30	0.927778	0.00288522	 0.00294711
-2.1	-1.6	25	30	0.931783	0.0020222	 0.0020629
-1.6	-1.2	25	30	0.915939	0.00241038	 0.00249179
-1.2	-0.8	25	30	0.893564	0.00252774	 0.00254564
-0.8	-0.3	25	30	0.874475	0.00221415	 0.00222901
-0.3	-0.2	25	30	0.859724	0.00488356	 0.00492424
-0.2	0.2	25	30	0.873784	0.00219312	 0.00220049
0.2	0.3	25	30	0.871945	0.00455097	 0.00457522
0.3	0.8	25	30	0.882736	0.00210993	 0.00212512
0.8	1.2	25	30	0.898001	0.00239468	 0.00240323
1.2	1.6	25	30	0.915263	0.00230961	 0.00234483
1.6	2.1	25	30	0.929048	0.00208019	 0.00210298
2.1	2.4	25	30	0.923293	0.00298272	 0.003055
-2.4	-2.1	30	40	0.963023	0.00118881	 0.00119178
-2.1	-1.6	30	40	0.961432	0.000839909	 0.000839046
-1.6	-1.2	30	40	0.951677	0.000941673	 0.000945675
-1.2	-0.8	30	40	0.94159	0.000948539	 0.000952274
-0.8	-0.3	30	40	0.931822	0.000803589	 0.00080674
-0.3	-0.2	30	40	0.922763	0.00187006	 0.00188038
-0.2	0.2	30	40	0.925338	0.000887196	 0.000891045
0.2	0.3	30	40	0.927339	0.00189073	 0.00189902
0.3	0.8	30	40	0.934097	0.000787053	 0.000790672
0.8	1.2	30	40	0.941244	0.000938458	 0.000946073
1.2	1.6	30	40	0.951595	0.000950945	 0.000958544
1.6	2.1	30	40	0.962894	0.000833381	 0.00083553
2.1	2.4	30	40	0.961166	0.00121366	 0.00122251
-2.4	-2.1	40	60	0.98445	0.000660891	 0.0006743
-2.1	-1.6	40	60	0.986279	0.000380152	 0.000384363
-1.6	-1.2	40	60	0.982706	0.000405585	 0.000410933
-1.2	-0.8	40	60	0.976624	0.000451152	 0.000455658
-0.8	-0.3	40	60	0.970679	0.000429674	 0.000432598
-0.3	-0.2	40	60	0.96793	0.00105852	 0.00107864
-0.2	0.2	40	60	0.965877	0.000508935	 0.000513775
0.2	0.3	40	60	0.967381	0.00106005	 0.00107982
0.3	0.8	40	60	0.971853	0.000419976	 0.000422513
0.8	1.2	40	60	0.977009	0.000447191	 0.000450755
1.2	1.6	40	60	0.981829	0.000415377	 0.000420272
1.6	2.1	40	60	0.986395	0.000371037	 0.000374673
2.1	2.4	40	60	0.984708	0.000634065	 0.000644789
-2.4	-2.1	60	100	0.990587	0.00128115	 0.00140667
-2.1	-1.6	60	100	0.992573	0.000915726	 0.000970434
-1.6	-1.2	60	100	0.990978	0.000983822	 0.00103583
-1.2	-0.8	60	100	0.988562	0.00104513	 0.00109627
-0.8	-0.3	60	100	0.984817	0.00101272	 0.0010475
-0.3	-0.2	60	100	0.98694	0.00228972	 0.0024718
-0.2	0.2	60	100	0.984772	0.00115746	 0.00120247
0.2	0.3	60	100	0.982159	0.00249713	 0.00268324
0.3	0.8	60	100	0.986238	0.000942757	 0.00097733
0.8	1.2	60	100	0.989828	0.00102107	 0.00106774
1.2	1.6	60	100	0.990329	0.00097071	 0.00103278
1.6	2.1	60	100	0.993516	0.000867859	 0.000923197
2.1	2.4	60	100	0.991007	0.00167614	 0.00178914
-2.4	-2.1	100	200	0.992807	0.00719256	 0.00811077
-2.1	-1.6	100	200	0.993254	0.00255337	 0.00299328
-1.6	-1.2	100	200	0.994885	0.00234165	 0.00274424
-1.2	-0.8	100	200	0.990671	0.00263589	 0.0030525
-0.8	-0.3	100	200	0.981039	0.0071727	 0.00293771
-0.3	-0.2	100	200	0.995355	0.0045889	 0.00615363
-0.2	0.2	100	200	0.992414	0.00259252	 0.0029415
0.2	0.3	100	200	0.990286	0.00495512	 0.0065039
0.3	0.8	100	200	0.99296	0.00209624	 0.00239259
0.8	1.2	100	200	0.982294	0.00284973	 0.00318254
1.2	1.6	100	200	0.995226	0.00337935	 0.00386602
1.6	2.1	100	200	0.996114	0.00187533	 0.00228802
2.1	2.4	100	200	0.995566	0.00243844	 0.00393022
