etamin	etamax	ptmin	ptmax	eff	deff_high	deff_low
-2.4	-2.1	10	13	0.799552	0.0101795	 0.0100498
-2.1	-1.6	10	13	0.776908	0.00844267	 0.00823232
-1.6	-1.2	10	13	0.75386	0.00938446	 0.0095323
-1.2	-0.8	10	13	0.694595	0.0100799	 0.0099766
-0.8	-0.3	10	13	0.674107	0.0123265	 0.0120596
-0.3	-0.2	10	13	0.632597	0.0343792	 0.0325643
-0.2	0.2	10	13	0.633162	0.0185643	 0.0192381
0.2	0.3	10	13	0.670619	0.0337699	 0.0343822
0.3	0.8	10	13	0.667948	0.0123959	 0.0123318
0.8	1.2	10	13	0.70807	0.0111132	 0.0109537
1.2	1.6	10	13	0.727509	0.00867348	 0.00881862
1.6	2.1	10	13	0.793277	0.00784949	 0.00792965
2.1	2.4	10	13	0.793744	0.00985951	 0.00991379
-2.4	-2.1	13	16	0.847953	0.00788471	 0.00787656
-2.1	-1.6	13	16	0.833622	0.00615027	 0.00634377
-1.6	-1.2	13	16	0.804526	0.00718679	 0.00731265
-1.2	-0.8	13	16	0.759166	0.00762206	 0.00770934
-0.8	-0.3	13	16	0.732321	0.00797906	 0.00792394
-0.3	-0.2	13	16	0.69524	0.0203018	 0.0192526
-0.2	0.2	13	16	0.663365	0.0107508	 0.0108316
0.2	0.3	13	16	0.666858	0.021742	 0.0216569
0.3	0.8	13	16	0.725723	0.00750558	 0.00746818
0.8	1.2	13	16	0.738477	0.00763952	 0.00758816
1.2	1.6	13	16	0.790748	0.0071297	 0.00712586
1.6	2.1	13	16	0.830681	0.00613543	 0.00605174
2.1	2.4	13	16	0.849053	0.00811825	 0.00840862
-2.4	-2.1	16	20	0.88699	0.00506466	 0.0053555
-2.1	-1.6	16	20	0.877301	0.00392423	 0.00420041
-1.6	-1.2	16	20	0.851573	0.00431765	 0.00428234
-1.2	-0.8	16	20	0.807801	0.00483953	 0.00486994
-0.8	-0.3	16	20	0.791062	0.0043339	 0.00435183
-0.3	-0.2	16	20	0.748782	0.0136498	 0.0128789
-0.2	0.2	16	20	0.750595	0.00580342	 0.00583105
0.2	0.3	16	20	0.751261	0.0115015	 0.0116174
0.3	0.8	16	20	0.792742	0.00449336	 0.00446836
0.8	1.2	16	20	0.809862	0.00501984	 0.00503897
1.2	1.6	16	20	0.847359	0.00461342	 0.00465291
1.6	2.1	16	20	0.871611	0.00388177	 0.00391651
2.1	2.4	16	20	0.873945	0.00461575	 0.00461506
-2.4	-2.1	20	25	0.920747	0.00291564	 0.00294641
-2.1	-1.6	20	25	0.910517	0.00225188	 0.00225573
-1.6	-1.2	20	25	0.8906	0.00271539	 0.00273325
-1.2	-0.8	20	25	0.862137	0.00286009	 0.00285743
-0.8	-0.3	20	25	0.854967	0.00244856	 0.00245794
-0.3	-0.2	20	25	0.841595	0.00566624	 0.00572072
-0.2	0.2	20	25	0.834745	0.00273841	 0.00274144
0.2	0.3	20	25	0.849534	0.00575507	 0.00580301
0.3	0.8	20	25	0.848574	0.0024306	 0.00243885
0.8	1.2	20	25	0.864125	0.00282918	 0.00285229
1.2	1.6	20	25	0.889423	0.00275628	 0.00277183
1.6	2.1	20	25	0.910186	0.00223289	 0.0022491
2.1	2.4	20	25	0.912848	0.00298617	 0.00301743
-2.4	-2.1	25	30	0.947305	0.00198453	 0.00200289
-2.1	-1.6	25	30	0.937197	0.00155189	 0.00156608
-1.6	-1.2	25	30	0.920765	0.00190278	 0.00191406
-1.2	-0.8	25	30	0.904132	0.00195479	 0.00196396
-0.8	-0.3	25	30	0.894593	0.00159541	 0.00160159
-0.3	-0.2	25	30	0.887844	0.00340912	 0.00342961
-0.2	0.2	25	30	0.89407	0.00158702	 0.0015956
0.2	0.3	25	30	0.893222	0.00349243	 0.00355902
0.3	0.8	25	30	0.895561	0.00159663	 0.0016057
0.8	1.2	25	30	0.903044	0.00197332	 0.00199238
1.2	1.6	25	30	0.919758	0.00189299	 0.00189931
1.6	2.1	25	30	0.936068	0.00164597	 0.00165258
2.1	2.4	25	30	0.947544	0.00202279	 0.00203881
-2.4	-2.1	30	40	0.969213	0.000890545	 0.000900174
-2.1	-1.6	30	40	0.965453	0.000669598	 0.000675249
-1.6	-1.2	30	40	0.956614	0.000772857	 0.000778728
-1.2	-0.8	30	40	0.947377	0.000743812	 0.00075062
-0.8	-0.3	30	40	0.943815	0.000619751	 0.000620443
-0.3	-0.2	30	40	0.93994	0.00144765	 0.00145974
-0.2	0.2	30	40	0.940359	0.000687066	 0.000687106
0.2	0.3	30	40	0.943125	0.00144848	 0.00146281
0.3	0.8	30	40	0.943886	0.000619409	 0.000621526
0.8	1.2	30	40	0.94746	0.000746235	 0.000747896
1.2	1.6	30	40	0.957338	0.000762978	 0.000769883
1.6	2.1	30	40	0.965456	0.000667786	 0.000674402
2.1	2.4	30	40	0.970116	0.000870056	 0.000873256
-2.4	-2.1	40	60	0.988667	0.000433562	 0.000440832
-2.1	-1.6	40	60	0.988373	0.000287348	 0.000291177
-1.6	-1.2	40	60	0.984822	0.000327564	 0.000330524
-1.2	-0.8	40	60	0.980658	0.000355687	 0.000358704
-0.8	-0.3	40	60	0.978267	0.00032756	 0.000330055
-0.3	-0.2	40	60	0.974763	0.000797421	 0.000811179
-0.2	0.2	40	60	0.975268	0.000385151	 0.000388414
0.2	0.3	40	60	0.975115	0.000806153	 0.000819396
0.3	0.8	40	60	0.977543	0.000332386	 0.000335338
0.8	1.2	40	60	0.979967	0.000361143	 0.000363738
1.2	1.6	40	60	0.984545	0.000329886	 0.000331155
1.6	2.1	40	60	0.988666	0.00028462	 0.000287896
2.1	2.4	40	60	0.989609	0.000409108	 0.000415561
-2.4	-2.1	60	100	0.994697	0.00101433	 0.00109378
-2.1	-1.6	60	100	0.9929	0.000762995	 0.000804003
-1.6	-1.2	60	100	0.991136	0.000821756	 0.000863049
-1.2	-0.8	60	100	0.98901	0.00089894	 0.00093537
-0.8	-0.3	60	100	0.98835	0.000782707	 0.000812608
-0.3	-0.2	60	100	0.987149	0.00191576	 0.00207463
-0.2	0.2	60	100	0.986606	0.000925283	 0.000958392
0.2	0.3	60	100	0.986217	0.00206151	 0.00222413
0.3	0.8	60	100	0.987951	0.000808473	 0.000837423
0.8	1.2	60	100	0.990744	0.000850029	 0.00088791
1.2	1.6	60	100	0.993439	0.000753537	 0.000794317
1.6	2.1	60	100	0.992868	0.000768303	 0.000808666
2.1	2.4	60	100	0.992351	0.00115778	 0.00123612
-2.4	-2.1	100	200	0.999284	0.000715949	 0.00423419
-2.1	-1.6	100	200	0.989414	0.00255722	 0.00285804
-1.6	-1.2	100	200	0.993439	0.00243627	 0.00272227
-1.2	-0.8	100	200	0.993288	0.00274557	 0.00309431
-0.8	-0.3	100	200	0.992558	0.00220448	 0.00247145
-0.3	-0.2	100	200	1	0.00248491	 0.00248491
-0.2	0.2	100	200	0.983004	0.00303757	 0.0032975
0.2	0.3	100	200	0.986654	0.00459042	 0.00595792
0.3	0.8	100	200	0.993594	0.00186236	 0.00213249
0.8	1.2	100	200	0.992519	0.00229216	 0.00262606
1.2	1.6	100	200	0.990606	0.00229113	 0.00263045
1.6	2.1	100	200	0.992576	0.00194825	 0.00232637
2.1	2.4	100	200	0.98522	0.00413593	 0.0050934
