etamin	etamax	ptmin	ptmax	eff	deff_high	deff_low
-2.4	-2.1	10	13	0.801921	0.010024	 0.0101409
-2.1	-1.6	10	13	0.777589	0.00823587	 0.00817829
-1.6	-1.2	10	13	0.75402	0.00948807	 0.00963505
-1.2	-0.8	10	13	0.6966	0.000259705	 0.000259705
-0.8	-0.3	10	13	0.677027	0.0118756	 0.0118659
-0.3	-0.2	10	13	0.634591	0.0358302	 0.0327608
-0.2	0.2	10	13	0.634699	0.0185218	 0.0191537
0.2	0.3	10	13	0.673948	0.0335647	 0.034326
0.3	0.8	10	13	0.670015	0.0120284	 0.0119974
0.8	1.2	10	13	0.707808	0.0109128	 0.0108144
1.2	1.6	10	13	0.732804	0.00866092	 0.00876184
1.6	2.1	10	13	0.793175	0.00792155	 0.00803057
2.1	2.4	10	13	0.795667	0.0100191	 0.0100859
-2.4	-2.1	13	16	0.848648	0.00817101	 0.00804097
-2.1	-1.6	13	16	0.83364	0.00622859	 0.00647514
-1.6	-1.2	13	16	0.804547	0.00720334	 0.00728652
-1.2	-0.8	13	16	0.758863	0.0075848	 0.00765544
-0.8	-0.3	13	16	0.732316	0.00787934	 0.00785549
-0.3	-0.2	13	16	0.694387	0.0181883	 0.0187243
-0.2	0.2	13	16	0.661558	0.0107913	 0.0109068
0.2	0.3	13	16	0.669634	0.021684	 0.0218368
0.3	0.8	13	16	0.726689	0.0075418	 0.00753924
0.8	1.2	13	16	0.740393	0.00760365	 0.0075666
1.2	1.6	13	16	0.791654	0.00699524	 0.007049
1.6	2.1	13	16	0.831248	0.00606448	 0.00604161
2.1	2.4	13	16	0.84644	0.00887964	 0.00860319
-2.4	-2.1	16	20	0.886077	0.0054082	 0.00566598
-2.1	-1.6	16	20	0.876526	0.00459517	 0.00528051
-1.6	-1.2	16	20	0.852424	0.0042935	 0.00429577
-1.2	-0.8	16	20	0.808129	0.0048136	 0.00481612
-0.8	-0.3	16	20	0.791433	0.00432815	 0.00435339
-0.3	-0.2	16	20	0.748151	0.0134503	 0.0120133
-0.2	0.2	16	20	0.750566	0.00580398	 0.00583545
0.2	0.3	16	20	0.751038	0.0115397	 0.0116298
0.3	0.8	16	20	0.793516	0.00443472	 0.00449819
0.8	1.2	16	20	0.810735	0.00494534	 0.00494928
1.2	1.6	16	20	0.848718	0.00460734	 0.00467486
1.6	2.1	16	20	0.870955	0.00387514	 0.00387201
2.1	2.4	16	20	0.874449	0.00485984	 0.00482195
-2.4	-2.1	20	25	0.920301	0.00297435	 0.00301126
-2.1	-1.6	20	25	0.910533	0.00224864	 0.00225863
-1.6	-1.2	20	25	0.890647	0.00272148	 0.00273811
-1.2	-0.8	20	25	0.86263	0.00286024	 0.00285733
-0.8	-0.3	20	25	0.855345	0.00244865	 0.00245982
-0.3	-0.2	20	25	0.841669	0.00563906	 0.0056963
-0.2	0.2	20	25	0.834539	0.00274755	 0.00275039
0.2	0.3	20	25	0.849247	0.00580383	 0.00582015
0.3	0.8	20	25	0.849319	0.00243248	 0.00244379
0.8	1.2	20	25	0.864174	0.00283866	 0.00285321
1.2	1.6	20	25	0.889393	0.00274226	 0.00275461
1.6	2.1	20	25	0.910862	0.00224129	 0.00223826
2.1	2.4	20	25	0.912621	0.00304215	 0.00306244
-2.4	-2.1	25	30	0.947053	0.00199895	 0.00202012
-2.1	-1.6	25	30	0.937415	0.00155393	 0.0015693
-1.6	-1.2	25	30	0.920678	0.00190468	 0.00191707
-1.2	-0.8	25	30	0.904267	0.00196088	 0.00196494
-0.8	-0.3	25	30	0.894721	0.00159834	 0.00160446
-0.3	-0.2	25	30	0.887748	0.00338991	 0.00344011
-0.2	0.2	25	30	0.894252	0.00159101	 0.0015968
0.2	0.3	25	30	0.89368	0.00349843	 0.00356119
0.3	0.8	25	30	0.895781	0.00160103	 0.00160033
0.8	1.2	25	30	0.903026	0.00196807	 0.00199657
1.2	1.6	25	30	0.919658	0.00189143	 0.00190261
1.6	2.1	25	30	0.936133	0.00164763	 0.00165259
2.1	2.4	25	30	0.947352	0.00204802	 0.00206742
-2.4	-2.1	30	40	0.968996	0.000905213	 0.00091456
-2.1	-1.6	30	40	0.965442	0.000672752	 0.000670168
-1.6	-1.2	30	40	0.956632	0.000773927	 0.000779542
-1.2	-0.8	30	40	0.947438	0.00074389	 0.00075129
-0.8	-0.3	30	40	0.943971	0.00062026	 0.000620868
-0.3	-0.2	30	40	0.940026	0.001451	 0.00146087
-0.2	0.2	30	40	0.940437	0.000684469	 0.000688167
0.2	0.3	30	40	0.943311	0.00144809	 0.00146332
0.3	0.8	30	40	0.943961	0.000620486	 0.000621186
0.8	1.2	30	40	0.947546	0.000746564	 0.00074902
1.2	1.6	30	40	0.957447	0.000761465	 0.000771444
1.6	2.1	30	40	0.965382	0.000670741	 0.00067489
2.1	2.4	30	40	0.970281	0.000872586	 0.000882923
-2.4	-2.1	40	60	0.988841	0.000436655	 0.000444084
-2.1	-1.6	40	60	0.988393	0.000289925	 0.000289075
-1.6	-1.2	40	60	0.984886	0.000327786	 0.000330232
-1.2	-0.8	40	60	0.980792	0.000355309	 0.000357716
-0.8	-0.3	40	60	0.978374	0.000327867	 0.000328826
-0.3	-0.2	40	60	0.974982	0.00079536	 0.000809434
-0.2	0.2	40	60	0.975432	0.000384508	 0.000387768
0.2	0.3	40	60	0.975274	0.000804705	 0.00081851
0.3	0.8	40	60	0.977611	0.000331506	 0.000336086
0.8	1.2	40	60	0.980032	0.000361421	 0.000363238
1.2	1.6	40	60	0.984627	0.000329312	 0.000331284
1.6	2.1	40	60	0.988706	0.000285997	 0.000287159
2.1	2.4	40	60	0.989539	0.000415154	 0.000420283
-2.4	-2.1	60	100	0.994454	0.00103172	 0.0011127
-2.1	-1.6	60	100	0.99295	0.000761634	 0.000804451
-1.6	-1.2	60	100	0.991127	0.000823382	 0.000862889
-1.2	-0.8	60	100	0.989023	0.000898345	 0.000935827
-0.8	-0.3	60	100	0.988341	0.000783294	 0.000813218
-0.3	-0.2	60	100	0.987133	0.00192127	 0.00207285
-0.2	0.2	60	100	0.986662	0.000922551	 0.000959229
0.2	0.3	60	100	0.986211	0.00206245	 0.0022252
0.3	0.8	60	100	0.987951	0.000806986	 0.000837099
0.8	1.2	60	100	0.990691	0.0008492	 0.000890694
1.2	1.6	60	100	0.993544	0.000749422	 0.000787374
1.6	2.1	60	100	0.992951	0.000765291	 0.000807238
2.1	2.4	60	100	0.992211	0.00117166	 0.00124738
-2.4	-2.1	100	200	0.999315	0.000685066	 0.00425968
-2.1	-1.6	100	200	0.989395	0.00255304	 0.00287754
-1.6	-1.2	100	200	0.993439	0.00243627	 0.00272227
-1.2	-0.8	100	200	0.993299	0.00274418	 0.00309437
-0.8	-0.3	100	200	0.992559	0.00220182	 0.00247585
-0.3	-0.2	100	200	1	0.00248491	 0.00248491
-0.2	0.2	100	200	0.982997	0.00304089	 0.00329532
0.2	0.3	100	200	0.986654	0.00459042	 0.00595792
0.3	0.8	100	200	0.993593	0.00186239	 0.00213335
0.8	1.2	100	200	0.992515	0.00229311	 0.00262681
1.2	1.6	100	200	0.990597	0.00228725	 0.00264311
1.6	2.1	100	200	0.992571	0.00194875	 0.0023291
2.1	2.4	100	200	0.984991	0.00420376	 0.00517378
