etamin	etamax	ptmin	ptmax	eff	deff_high	deff_low
-2.4	-2.1	10	20	0	0	 0
-2.1	-1.6	10	20	0	0	 0
-1.6	-1.2	10	20	0	0	 0
-1.2	-0.8	10	20	0	0	 0
-0.8	-0.3	10	20	0	0	 0
-0.3	-0.2	10	20	0	0	 0
-0.2	0.2	10	20	0	0	 0
0.2	0.3	10	20	0	0	 0
0.3	0.8	10	20	0	0	 0
0.8	1.2	10	20	0	0	 0
1.2	1.6	10	20	0	0	 0
1.6	2.1	10	20	0	0	 0
2.1	2.4	10	20	0	0	 0
-2.4	-2.1	20	21	0.0103272	0.00325931	 0.00269746
-2.1	-1.6	20	21	0	0	 0
-1.6	-1.2	20	21	0	0	 0
-1.2	-0.8	20	21	0	0	 0
-0.8	-0.3	20	21	0	0	 0
-0.3	-0.2	20	21	0	0	 0
-0.2	0.2	20	21	0	0	 0
0.2	0.3	20	21	0	0	 0
0.3	0.8	20	21	0	0	 0
0.8	1.2	20	21	0	0	 0
1.2	1.6	20	21	0	0	 0
1.6	2.1	20	21	0	0	 0
2.1	2.4	20	21	0.0106757	0.0033807	 0.00279339
-2.4	-2.1	21	22	0.0164223	0.00474621	 0.00422466
-2.1	-1.6	21	22	0	0	 0
-1.6	-1.2	21	22	0	0	 0
-1.2	-0.8	21	22	0	0	 0
-0.8	-0.3	21	22	0	0	 0
-0.3	-0.2	21	22	0	0	 0
-0.2	0.2	21	22	0	0	 0
0.2	0.3	21	22	0	0	 0
0.3	0.8	21	22	0	0	 0
0.8	1.2	21	22	0	0	 0
1.2	1.6	21	22	0	0	 0
1.6	2.1	21	22	0	0	 0
2.1	2.4	21	22	0.0242085	0.00444716	 0.00396702
-2.4	-2.1	22	23	0.0392472	0.00683321	 0.00533692
-2.1	-1.6	22	23	0.0241531	0.00316353	 0.003002
-1.6	-1.2	22	23	0.0219671	0.00297739	 0.00273059
-1.2	-0.8	22	23	0	0	 0
-0.8	-0.3	22	23	0	0	 0
-0.3	-0.2	22	23	0	0	 0
-0.2	0.2	22	23	0	0	 0
0.2	0.3	22	23	0	0	 0
0.3	0.8	22	23	0	0	 0
0.8	1.2	22	23	0.0103393	0.00216102	 0.00189695
1.2	1.6	22	23	0	0	 0
1.6	2.1	22	23	0.0209427	0.00334256	 0.00307466
2.1	2.4	22	23	0.0382202	0.0131649	 0.0046473
-2.4	-2.1	23	24	0.147887	0.00986987	 0.00972693
-2.1	-1.6	23	24	0.1268	0.00603584	 0.00593886
-1.6	-1.2	23	24	0.0791871	0.00582152	 0.0056338
-1.2	-0.8	23	24	0.0826494	0.00567995	 0.00550113
-0.8	-0.3	23	24	0.0789317	0.00474361	 0.00456367
-0.3	-0.2	23	24	0.0564915	0.00913335	 0.00828346
-0.2	0.2	23	24	0.079835	0.00524823	 0.00509467
0.2	0.3	23	24	0.0461019	0.0104165	 0.00930581
0.3	0.8	23	24	0.0766736	0.00493341	 0.00478284
0.8	1.2	23	24	0.0817419	0.00507647	 0.00490275
1.2	1.6	23	24	0.0877135	0.00645214	 0.00620824
1.6	2.1	23	24	0.121121	0.00601079	 0.00594766
2.1	2.4	23	24	0.171107	0.00947562	 0.00980993
-2.4	-2.1	24	25	0.623935	0.0115832	 0.0116829
-2.1	-1.6	24	25	0.706432	0.00853139	 0.00807457
-1.6	-1.2	24	25	0.764904	0.00794133	 0.00802843
-1.2	-0.8	24	25	0.792931	0.00724358	 0.00738912
-0.8	-0.3	24	25	0.868829	0.0054079	 0.00553039
-0.3	-0.2	24	25	0.709307	0.0167109	 0.016814
-0.2	0.2	24	25	0.828971	0.00670792	 0.00679191
0.2	0.3	24	25	0.722735	0.0173697	 0.0173697
0.3	0.8	24	25	0.866126	0.00562506	 0.00572316
0.8	1.2	24	25	0.789317	0.00824357	 0.00757837
1.2	1.6	24	25	0.78561	0.00813481	 0.00818674
1.6	2.1	24	25	0.724295	0.0075772	 0.00768835
2.1	2.4	24	25	0.636934	0.0125056	 0.0126967
-2.4	-2.1	25	26	0.713371	0.0100555	 0.0101594
-2.1	-1.6	25	26	0.776115	0.00767252	 0.00788623
-1.6	-1.2	25	26	0.846624	0.00703394	 0.00686001
-1.2	-0.8	25	26	0.848136	0.00606396	 0.00612782
-0.8	-0.3	25	26	0.907718	0.00443206	 0.00452171
-0.3	-0.2	25	26	0.759836	0.0162485	 0.0164397
-0.2	0.2	25	26	0.885217	0.00526459	 0.00530674
0.2	0.3	25	26	0.785821	0.0165773	 0.0155818
0.3	0.8	25	26	0.905672	0.00485831	 0.00493592
0.8	1.2	25	26	0.846197	0.0068267	 0.00700167
1.2	1.6	25	26	0.834043	0.00701705	 0.00676456
1.6	2.1	25	26	0.784984	0.00703299	 0.00707364
2.1	2.4	25	26	0.682066	0.0110839	 0.0112159
-2.4	-2.1	26	30	0.752108	0.00502019	 0.00504576
-2.1	-1.6	26	30	0.806902	0.00323854	 0.00324572
-1.6	-1.2	26	30	0.868211	0.00277186	 0.00280484
-1.2	-0.8	26	30	0.893071	0.00252753	 0.0025498
-0.8	-0.3	26	30	0.927842	0.00174513	 0.0017459
-0.3	-0.2	26	30	0.793295	0.00597484	 0.00599757
-0.2	0.2	26	30	0.911884	0.00195082	 0.00196235
0.2	0.3	26	30	0.822613	0.00543452	 0.00546288
0.3	0.8	26	30	0.928831	0.00173796	 0.00174209
0.8	1.2	26	30	0.88976	0.00252128	 0.00250611
1.2	1.6	26	30	0.858985	0.00289039	 0.00293152
1.6	2.1	26	30	0.82758	0.00310031	 0.00311379
2.1	2.4	26	30	0.727963	0.00516478	 0.0051289
-2.4	-2.1	30	40	0.810742	0.00217663	 0.00217435
-2.1	-1.6	30	40	0.841911	0.00144069	 0.00143836
-1.6	-1.2	30	40	0.904806	0.00117984	 0.00118643
-1.2	-0.8	30	40	0.925252	0.000982817	 0.000979788
-0.8	-0.3	30	40	0.942619	0.000701365	 0.00070101
-0.3	-0.2	30	40	0.809601	0.00261163	 0.00266626
-0.2	0.2	30	40	0.932723	0.000816265	 0.00081186
0.2	0.3	30	40	0.847221	0.00240963	 0.00244956
0.3	0.8	30	40	0.945335	0.000672985	 0.000676456
0.8	1.2	30	40	0.921286	0.0009914	 0.000989264
1.2	1.6	30	40	0.896623	0.00122648	 0.00120434
1.6	2.1	30	40	0.851844	0.00140111	 0.00138525
2.1	2.4	30	40	0.787946	0.0023268	 0.00231913
-2.4	-2.1	40	60	0.837848	0.00178846	 0.00181753
-2.1	-1.6	40	60	0.859563	0.00106163	 0.00106464
-1.6	-1.2	40	60	0.923619	0.000787327	 0.000791594
-1.2	-0.8	40	60	0.934721	0.000701112	 0.000704508
-0.8	-0.3	40	60	0.950078	0.000537784	 0.000538757
-0.3	-0.2	40	60	0.815627	0.0021828	 0.00216569
-0.2	0.2	40	60	0.942237	0.000645851	 0.000651949
0.2	0.3	40	60	0.856823	0.00204569	 0.0020604
0.3	0.8	40	60	0.953053	0.000517222	 0.000520828
0.8	1.2	40	60	0.931802	0.00065307	 0.000659807
1.2	1.6	40	60	0.913361	0.000835084	 0.000838062
1.6	2.1	40	60	0.865141	0.00103047	 0.00103795
2.1	2.4	40	60	0.812881	0.00190714	 0.00191872
-2.4	-2.1	60	100	0.851558	0.00621059	 0.00632364
-2.1	-1.6	60	100	0.85555	0.00352405	 0.00356483
-1.6	-1.2	60	100	0.922029	0.00262621	 0.00269812
-1.2	-0.8	60	100	0.936337	0.00208257	 0.00208702
-0.8	-0.3	60	100	0.950246	0.00152025	 0.00155383
-0.3	-0.2	60	100	0.80876	0.00710066	 0.00717841
-0.2	0.2	60	100	0.944383	0.00200432	 0.00204183
0.2	0.3	60	100	0.852387	0.00637986	 0.00646086
0.3	0.8	60	100	0.955852	0.00159058	 0.00155948
0.8	1.2	60	100	0.931543	0.00228044	 0.0023167
1.2	1.6	60	100	0.917485	0.00258175	 0.00261701
1.6	2.1	60	100	0.861326	0.0031239	 0.00314397
2.1	2.4	60	100	0.814328	0.00621617	 0.00624418
-2.4	-2.1	100	200	0.775743	0.0280492	 0.028928
-2.1	-1.6	100	200	0.818473	0.0103075	 0.0102615
-1.6	-1.2	100	200	0.892385	0.00898773	 0.00928974
-1.2	-0.8	100	200	0.942962	0.00545214	 0.00575024
-0.8	-0.3	100	200	0.948146	0.0165432	 0.00820236
-0.3	-0.2	100	200	0.828764	0.0179654	 0.0188661
-0.2	0.2	100	200	0.946221	0.00491447	 0.00522987
0.2	0.3	100	200	0.865109	0.0174537	 0.0182682
0.3	0.8	100	200	0.948232	0.00486364	 0.00507418
0.8	1.2	100	200	0.915763	0.00704295	 0.00729292
1.2	1.6	100	200	0.882756	0.00904898	 0.00926233
1.6	2.1	100	200	0.825466	0.0119225	 0.012067
2.1	2.4	100	200	0.783752	0.0232489	 0.0238367
