etamin	etamax	ptmin	ptmax	eff	deff_high	deff_low
-2.4	-2.1	10	13	0.801402	0.0101027	 0.0101812
-2.1	-1.6	10	13	0.777393	0.00820649	 0.00811643
-1.6	-1.2	10	13	0.753904	0.0094715	 0.00962459
-1.2	-0.8	10	13	0.695521	0.0100465	 0.0100044
-0.8	-0.3	10	13	0.677637	0.0118533	 0.0117537
-0.3	-0.2	10	13	0.635289	0.0377696	 0.0344691
-0.2	0.2	10	13	0.633824	0.0185628	 0.0192856
0.2	0.3	10	13	0.670099	0.0335808	 0.0342658
0.3	0.8	10	13	0.672488	0.0120314	 0.0120142
0.8	1.2	10	13	0.709929	0.0108862	 0.0107464
1.2	1.6	10	13	0.732734	0.008678	 0.00877762
1.6	2.1	10	13	0.792415	0.00791327	 0.00798361
2.1	2.4	10	13	0.792235	0.0101003	 0.0101273
-2.4	-2.1	13	16	0.849114	0.00814543	 0.00791834
-2.1	-1.6	13	16	0.834913	0.00618304	 0.00641593
-1.6	-1.2	13	16	0.802996	0.0072814	 0.00738008
-1.2	-0.8	13	16	0.758724	0.00756596	 0.00763509
-0.8	-0.3	13	16	0.732871	0.00789751	 0.00786625
-0.3	-0.2	13	16	0.693464	0.0181466	 0.0187405
-0.2	0.2	13	16	0.662045	0.0107305	 0.0107606
0.2	0.3	13	16	0.665751	0.0217661	 0.0219272
0.3	0.8	13	16	0.727328	0.00750251	 0.00751164
0.8	1.2	13	16	0.742657	0.00754894	 0.00759423
1.2	1.6	13	16	0.792468	0.00697543	 0.00702381
1.6	2.1	13	16	0.830917	0.00605098	 0.00605557
2.1	2.4	13	16	0.845735	0.00839887	 0.00864887
-2.4	-2.1	16	20	0.886483	0.00533215	 0.0055996
-2.1	-1.6	16	20	0.876047	0.0046806	 0.0050827
-1.6	-1.2	16	20	0.852766	0.00433306	 0.00433015
-1.2	-0.8	16	20	0.807576	0.00480542	 0.00481877
-0.8	-0.3	16	20	0.792161	0.00432406	 0.00434644
-0.3	-0.2	16	20	0.747483	0.0129231	 0.0120079
-0.2	0.2	16	20	0.751319	0.00581836	 0.00583265
0.2	0.3	16	20	0.754892	0.0115301	 0.0116099
0.3	0.8	16	20	0.795209	0.00444859	 0.00446199
0.8	1.2	16	20	0.811622	0.00494161	 0.00494318
1.2	1.6	16	20	0.848964	0.00459033	 0.00465797
1.6	2.1	16	20	0.87029	0.00388682	 0.0038931
2.1	2.4	16	20	0.873668	0.00480368	 0.00478233
-2.4	-2.1	20	25	0.920995	0.00295461	 0.00297886
-2.1	-1.6	20	25	0.91003	0.00225644	 0.00225898
-1.6	-1.2	20	25	0.891689	0.00271151	 0.00273274
-1.2	-0.8	20	25	0.863187	0.00285318	 0.00287314
-0.8	-0.3	20	25	0.856513	0.00244277	 0.00245419
-0.3	-0.2	20	25	0.842206	0.0056333	 0.00569343
-0.2	0.2	20	25	0.835358	0.00274741	 0.00275001
0.2	0.3	20	25	0.851234	0.00579719	 0.00583844
0.3	0.8	20	25	0.850092	0.00243213	 0.00244326
0.8	1.2	20	25	0.864578	0.00281626	 0.00285962
1.2	1.6	20	25	0.890026	0.0027344	 0.00275941
1.6	2.1	20	25	0.91096	0.002228	 0.00224051
2.1	2.4	20	25	0.912595	0.0030412	 0.00307028
-2.4	-2.1	25	30	0.947257	0.00199558	 0.00201747
-2.1	-1.6	25	30	0.937376	0.00155641	 0.00157178
-1.6	-1.2	25	30	0.920743	0.00190074	 0.00191611
-1.2	-0.8	25	30	0.904605	0.00195842	 0.00196381
-0.8	-0.3	25	30	0.895204	0.0015963	 0.00160042
-0.3	-0.2	25	30	0.88832	0.00340294	 0.00342473
-0.2	0.2	25	30	0.895511	0.0015881	 0.00159124
0.2	0.3	25	30	0.895007	0.00349294	 0.00353292
0.3	0.8	25	30	0.896399	0.00160046	 0.00160708
0.8	1.2	25	30	0.903617	0.00196941	 0.00198714
1.2	1.6	25	30	0.919558	0.00189061	 0.00190011
1.6	2.1	25	30	0.936148	0.0016389	 0.00166728
2.1	2.4	25	30	0.947523	0.00203632	 0.00205318
-2.4	-2.1	30	40	0.969226	0.000906532	 0.000910467
-2.1	-1.6	30	40	0.965319	0.000675078	 0.000672926
-1.6	-1.2	30	40	0.956653	0.000773649	 0.000778966
-1.2	-0.8	30	40	0.947914	0.000742091	 0.000748601
-0.8	-0.3	30	40	0.944489	0.000616298	 0.000621137
-0.3	-0.2	30	40	0.940437	0.00144233	 0.001457
-0.2	0.2	30	40	0.941223	0.000681875	 0.000684866
0.2	0.3	30	40	0.944225	0.00144032	 0.00145429
0.3	0.8	30	40	0.944575	0.000617414	 0.000620174
0.8	1.2	30	40	0.947993	0.000744092	 0.000746749
1.2	1.6	30	40	0.957812	0.000764474	 0.000764018
1.6	2.1	30	40	0.965303	0.000673771	 0.000674969
2.1	2.4	30	40	0.970383	0.00087491	 0.000875183
-2.4	-2.1	40	60	0.988909	0.000435406	 0.000441657
-2.1	-1.6	40	60	0.988351	0.000288619	 0.00029136
-1.6	-1.2	40	60	0.985044	0.00032653	 0.000328833
-1.2	-0.8	40	60	0.981013	0.000353449	 0.000356054
-0.8	-0.3	40	60	0.978766	0.000325332	 0.000326741
-0.3	-0.2	40	60	0.975458	0.000790542	 0.00080397
-0.2	0.2	40	60	0.975841	0.000381797	 0.00038499
0.2	0.3	40	60	0.975715	0.000800284	 0.000815225
0.3	0.8	40	60	0.97786	0.000331346	 0.00033315
0.8	1.2	40	60	0.980242	0.000360369	 0.000361488
1.2	1.6	40	60	0.984732	0.000328421	 0.000330559
1.6	2.1	40	60	0.98867	0.000286258	 0.000288112
2.1	2.4	40	60	0.989615	0.000413307	 0.000419567
-2.4	-2.1	60	100	0.992714	0.000933268	 0.00102308
-2.1	-1.6	60	100	0.993066	0.000757746	 0.000799859
-1.6	-1.2	60	100	0.991065	0.000825541	 0.000866008
-1.2	-0.8	60	100	0.98903	0.000896676	 0.000937367
-0.8	-0.3	60	100	0.98848	0.000782022	 0.000806075
-0.3	-0.2	60	100	0.987	0.00192933	 0.00208402
-0.2	0.2	60	100	0.986806	0.000915813	 0.000957245
0.2	0.3	60	100	0.986166	0.00206234	 0.00223115
0.3	0.8	60	100	0.987986	0.000807612	 0.000835438
0.8	1.2	60	100	0.990872	0.000841229	 0.00088206
1.2	1.6	60	100	0.993482	0.000752105	 0.000790156
1.6	2.1	60	100	0.993037	0.00076464	 0.000806662
2.1	2.4	60	100	0.992289	0.00117528	 0.00123739
-2.4	-2.1	100	200	0.998756	0.00124377	 0.00385168
-2.1	-1.6	100	200	0.98931	0.00260024	 0.00292527
-1.6	-1.2	100	200	0.993902	0.00240397	 0.00269842
-1.2	-0.8	100	200	0.993208	0.00277255	 0.0031041
-0.8	-0.3	100	200	0.992193	0.00223815	 0.00250009
-0.3	-0.2	100	200	1	0.00215796	 0.00215796
-0.2	0.2	100	200	0.983353	0.00298731	 0.00324164
0.2	0.3	100	200	0.986119	0.00472081	 0.00609184
0.3	0.8	100	200	0.993966	0.00183651	 0.00210923
0.8	1.2	100	200	0.992299	0.00230234	 0.00263065
1.2	1.6	100	200	0.990766	0.00228822	 0.00262921
1.6	2.1	100	200	0.992692	0.00192715	 0.00231307
2.1	2.4	100	200	0.985021	0.00421286	 0.00519847
