etamin	etamax	ptmin	ptmax	eff	deff_high	deff_low
-2.4	-2.1	10	13	0.909136	0.0107206	 0.0107613
-2.1	-1.6	10	13	0.970626	0.00666799	 0.00675645
-1.6	-1.2	10	13	0.963071	0.00615254	 0.00629981
-1.2	-0.8	10	13	0.933555	0.00795939	 0.00808776
-0.8	-0.3	10	13	0.962314	0.010156	 0.0102951
-0.3	-0.2	10	13	0.86683	0.0283867	 0.0285763
-0.2	0.2	10	13	0.950615	0.0151608	 0.0153103
0.2	0.3	10	13	0.87803	0.0326573	 0.0328381
0.3	0.8	10	13	0.940397	0.00976819	 0.00987497
0.8	1.2	10	13	0.933769	0.00776292	 0.00786192
1.2	1.6	10	13	0.979939	0.00649195	 0.00663437
1.6	2.1	10	13	0.978427	0.00700011	 0.00707767
2.1	2.4	10	13	0.903558	0.0108612	 0.0109109
-2.4	-2.1	13	16	0.927577	0.00695656	 0.00708068
-2.1	-1.6	13	16	0.971404	0.00382854	 0.00391335
-1.6	-1.2	13	16	0.979407	0.00350658	 0.00362013
-1.2	-0.8	13	16	0.938539	0.00472693	 0.00482411
-0.8	-0.3	13	16	0.971244	0.00507142	 0.00518777
-0.3	-0.2	13	16	0.88941	0.0164207	 0.0170119
-0.2	0.2	13	16	0.952274	0.00708801	 0.00721853
0.2	0.3	13	16	0.856154	0.0159266	 0.0163397
0.3	0.8	13	16	0.966268	0.00485871	 0.00495605
0.8	1.2	13	16	0.932719	0.00482306	 0.00491778
1.2	1.6	13	16	0.977694	0.00394164	 0.00405765
1.6	2.1	13	16	0.970035	0.0042237	 0.00431638
2.1	2.4	13	16	0.914771	0.00699111	 0.0071007
-2.4	-2.1	16	20	0.922008	0.0042897	 0.0043766
-2.1	-1.6	16	20	0.970192	0.00213663	 0.00218265
-1.6	-1.2	16	20	0.980797	0.00195725	 0.00201179
-1.2	-0.8	16	20	0.937336	0.00278436	 0.00283554
-0.8	-0.3	16	20	0.962033	0.0024197	 0.00246868
-0.3	-0.2	16	20	0.854294	0.00880196	 0.00897263
-0.2	0.2	16	20	0.951562	0.00338808	 0.00346747
0.2	0.3	16	20	0.84022	0.00912657	 0.00924296
0.3	0.8	16	20	0.972041	0.00225408	 0.00230146
0.8	1.2	16	20	0.94593	0.00274403	 0.00279265
1.2	1.6	16	20	0.979324	0.00208425	 0.00213805
1.6	2.1	16	20	0.975704	0.00216936	 0.00221045
2.1	2.4	16	20	0.929163	0.00418965	 0.00425079
-2.4	-2.1	20	25	0.920436	0.00268373	 0.00272368
-2.1	-1.6	20	25	0.968628	0.00130438	 0.00133589
-1.6	-1.2	20	25	0.981818	0.001107	 0.00113317
-1.2	-0.8	20	25	0.943272	0.00164199	 0.00165512
-0.8	-0.3	20	25	0.964516	0.00126442	 0.00127083
-0.3	-0.2	20	25	0.862234	0.0045252	 0.00458658
-0.2	0.2	20	25	0.951745	0.00160386	 0.00162066
0.2	0.3	20	25	0.853467	0.00471376	 0.00477023
0.3	0.8	20	25	0.967867	0.00121362	 0.00122589
0.8	1.2	20	25	0.946158	0.00160303	 0.00162711
1.2	1.6	20	25	0.979147	0.0012249	 0.00125348
1.6	2.1	20	25	0.975459	0.00121934	 0.00124109
2.1	2.4	20	25	0.930622	0.00257974	 0.00261405
-2.4	-2.1	25	30	0.92606	0.00206301	 0.0020797
-2.1	-1.6	25	30	0.971034	0.00094989	 0.000969251
-1.6	-1.2	25	30	0.985378	0.000751446	 0.000764998
-1.2	-0.8	25	30	0.943389	0.00122179	 0.00123313
-0.8	-0.3	25	30	0.967431	0.000829714	 0.000846723
-0.3	-0.2	25	30	0.860693	0.00306837	 0.00310315
-0.2	0.2	25	30	0.953054	0.000965656	 0.000973442
0.2	0.3	25	30	0.852771	0.00342871	 0.00376774
0.3	0.8	25	30	0.971288	0.00078929	 0.000800987
0.8	1.2	25	30	0.944408	0.00121037	 0.00121646
1.2	1.6	25	30	0.981464	0.000839376	 0.00085425
1.6	2.1	25	30	0.973784	0.000928607	 0.000939886
2.1	2.4	25	30	0.927147	0.00204665	 0.00206347
-2.4	-2.1	30	40	0.925792	0.00111898	 0.00111682
-2.1	-1.6	30	40	0.970854	0.000511619	 0.000514571
-1.6	-1.2	30	40	0.984866	0.000387393	 0.000392169
-1.2	-0.8	30	40	0.941938	0.000614811	 0.000611063
-0.8	-0.3	30	40	0.968043	0.000384113	 0.000387141
-0.3	-0.2	30	40	0.862886	0.00157731	 0.00158569
-0.2	0.2	30	40	0.955533	0.000475791	 0.000478508
0.2	0.3	30	40	0.852739	0.00164917	 0.00163863
0.3	0.8	30	40	0.971316	0.000363445	 0.000366117
0.8	1.2	30	40	0.945807	0.000586417	 0.000590701
1.2	1.6	30	40	0.98201	0.000428483	 0.000427914
1.6	2.1	30	40	0.97473	0.000482202	 0.000485803
2.1	2.4	30	40	0.928441	0.00110824	 0.00111371
-2.4	-2.1	40	60	0.927695	0.000929231	 0.000931052
-2.1	-1.6	40	60	0.970046	0.000388162	 0.000389787
-1.6	-1.2	40	60	0.985042	0.000274281	 0.00027626
-1.2	-0.8	40	60	0.943949	0.000455212	 0.000457847
-0.8	-0.3	40	60	0.969025	0.000308609	 0.00031002
-0.3	-0.2	40	60	0.860395	0.00130536	 0.00131317
-0.2	0.2	40	60	0.956551	0.000399784	 0.000400522
0.2	0.3	40	60	0.849492	0.00122414	 0.00123025
0.3	0.8	40	60	0.972457	0.000289606	 0.000291412
0.8	1.2	40	60	0.946967	0.000442553	 0.000444113
1.2	1.6	40	60	0.983667	0.000291639	 0.000294495
1.6	2.1	40	60	0.974896	0.000362535	 0.000364618
2.1	2.4	40	60	0.929629	0.000926779	 0.000931738
-2.4	-2.1	60	100	0.941011	0.00340902	 0.00345281
-2.1	-1.6	60	100	0.973379	0.00129687	 0.00132493
-1.6	-1.2	60	100	0.987347	0.000880405	 0.000907195
-1.2	-0.8	60	100	0.94409	0.00151136	 0.00153715
-0.8	-0.3	60	100	0.969678	0.00102454	 0.00103871
-0.3	-0.2	60	100	0.857112	0.00426919	 0.00435745
-0.2	0.2	60	100	0.957954	0.00130837	 0.00132877
0.2	0.3	60	100	0.856497	0.00418726	 0.00423973
0.3	0.8	60	100	0.97332	0.000957249	 0.000974119
0.8	1.2	60	100	0.947721	0.00145407	 0.00148165
1.2	1.6	60	100	0.987526	0.000939503	 0.000963169
1.6	2.1	60	100	0.976453	0.00128338	 0.00131029
2.1	2.4	60	100	0.939001	0.00342764	 0.00347504
-2.4	-2.1	100	200	0.915431	0.0128869	 0.0131187
-2.1	-1.6	100	200	0.974815	0.00470384	 0.00493552
-1.6	-1.2	100	200	0.983814	0.00306829	 0.00324198
-1.2	-0.8	100	200	0.948572	0.00448383	 0.00464708
-0.8	-0.3	100	200	0.975269	0.00302218	 0.00315557
-0.3	-0.2	100	200	0.855927	0.0128241	 0.0278587
-0.2	0.2	100	200	0.960522	0.00386341	 0.00402232
0.2	0.3	100	200	0.854243	0.0124866	 0.013419
0.3	0.8	100	200	0.975767	0.00286826	 0.00295123
0.8	1.2	100	200	0.934835	0.00497789	 0.00515095
1.2	1.6	100	200	0.985316	0.00316614	 0.0033709
1.6	2.1	100	200	0.974821	0.00495797	 0.0052035
2.1	2.4	100	200	0.928851	0.0132783	 0.0135474
